82.648128	0.0002595749	1.020785	0.0010000000	0.259575
80.6719260000	0.0005294377	1.1862170000	82.0000000000
179.4971540000	0.0001303892	2.1144560000	182.0000000000
130.1924250000	0.0002298796	1.5734700000	132.0000000000
105.4588490000	0.0003310487	1.4271970000	107.0000000000
117.3377450000	0.0002754598	1.4652560000	119.0000000000
123.2725300000	0.0002534388	1.7904150000	125.0000000000
120.3055060000	0.0002641570	1.6756750000	122.0000000000
121.2945960000	0.0002604543	1.6706320000	123.0000000000
82.648128	0.0002595749	1.020785	0.0001000000	2.595749
