25.334116	0.003117	0.034249	0.010000
36.668425	0.001498	0.040240	0.004642
54.123688	0.000705	0.053400	0.002154
80.322091	0.000332	0.071551	0.001000
119.194724	0.000157	0.104178	0.000464
176.384629	0.000073	0.139501	0.000215
259.623299	0.000034	0.194184	0.000100
383.519633	0.000015	0.255939	0.000046
25.334116	0.0031168540	0.031667	0.0100000000	0.311685
36.668425	0.0014982483	0.038506	0.0046415888	0.322788
54.123688	0.0007048880	0.049800	0.0021544347	0.327180
80.322091	0.0003320394	0.068117	0.0010000000	0.332039
119.194724	0.0001565985	0.095537	0.0004641589	0.337381
176.384629	0.0000727483	0.140511	0.0002154435	0.337668
259.623299	0.0000336008	0.198781	0.0001000000	0.336008
383.519633	0.0000153987	0.283511	0.0000464159	0.331755
