25.859786	0.0026990814	0.022028	0.0100000000	0.269908	55.000000
37.804148	0.0012607390	0.021700	0.0046415888	0.271618	91.000000
55.928643	0.0005764107	0.031114	0.0021544347	0.267546	160.000000
83.034159	0.0002640871	0.023781	0.0010000000	0.264087	295.000000
25.859786	0.0026990814	0.023422	0.0100000000	0.269908
37.804148	0.0012607390	0.023104	0.0046415888	0.271618
55.928643	0.0005764107	0.022857	0.0021544347	0.267546
83.034159	0.0002640871	0.023013	0.0010000000	0.264087
123.375285	0.0001219482	0.026702	0.0004641589	0.262729
182.966961	0.0000566035	0.032972	0.0002154435	0.262730	1124.000000
182.966961	0.0000566035	0.032972	0.0001000000	0.566035	2270.000000
182.966961	0.0000566035	0.032972	0.0000464159	1.219485	0.000000
