0.592575
0.607078
0.576468
0.549881
0.561507
0.535233
0.551927
0.531110
0.558127
0.536915
0.566501
0.535285
0.526629
0.477000
0.445111
0.420525
0.329071
0.352628
0.359797
0.394861
0.451347
0.481964
0.489661
0.519036
0.622908
0.614335
0.599825
0.590210
0.583392
0.557362
0.533818
0.517225
0.493546
0.486270
0.432703
0.374779
0.319579
0.273093
0.270041
0.249718
0.212415
0.185810
0.210652
0.264192
0.265414
0.286214
0.262093
0.296005
0.253153
0.227668
0.206534
0.237974
0.242173
0.227402
0.239260
0.640868
0.616785
0.589325
0.577129
0.520360
0.491437
0.469212
0.446654
0.416645
0.383704
0.337486
0.326178
0.276541
0.260733
0.243586
0.221794
0.228888
0.155792
0.140339
0.106678
0.134468
0.196604
0.199314
0.200362
0.186999
0.210246
0.224545
0.204936
0.261044
0.249920
0.316538
0.346327
0.337518
0.363329
0.347527
0.371602
0.375934
0.408602
0.371304
0.395016
0.331111
0.301660
0.261598
0.252446
0.237624
0.247887
0.236384
0.259238
0.283268
0.302294
0.288812
0.299115
0.330292
0.370056
0.338538
0.280513
0.262301
0.243331
0.223331
0.214584
0.179025
0.203673
0.218386
0.200782
0.288506
0.314984
0.377836
0.363255
0.281584
0.295540
0.316619
0.322446
0.320575
0.344718
0.356426
0.328357
0.349863
0.329520
0.316267
0.356373
0.328061
0.374668
0.354686
0.360579
0.335700
0.335825
0.269701
0.262067
0.227041
0.217657
0.251671
0.252597
0.298588
0.329093
0.303600
0.299726
0.273893
0.398298
0.243952
0.180973
0.145819
0.223804
0.218369
0.198681
0.222266
0.191341
0.203698
0.189897
0.157540
0.144150
0.123192
0.156688
0.157942
0.174324
0.187383
0.193548
0.221631
0.246333
0.251154
0.293544
0.331059
0.314718
0.292268
0.217325
0.220260
0.167300
0.168241
0.182489
0.618989
0.654847
0.630237
0.605659
0.581624
0.547465
0.614798
0.616164
0.565178
0.622079
0.582656
0.553189
0.547502
0.549814
0.547307
0.551450
0.578286
0.579968
0.648383
0.597671
0.570385
0.582613
0.604607
0.643115
0.567973
0.637696
0.619847
0.583102
0.597221
0.534925
0.496275
0.502506
0.466931
0.530947
0.516413
0.415661
0.394720
0.299482
0.272596
0.243034
0.243807
0.361945
0.382930
0.411980
0.443308
0.476001
0.482096
0.511552
0.517942
0.489341
0.443822
0.414535
0.361647
0.394724
0.444811
0.497458
0.534085
0.421966
0.467088
0.474829
0.509721
0.535639
0.601701
0.557072
0.519935
0.511979
0.461674
0.439736
0.437763
0.422428
0.476175
0.454029
0.562763
0.508186
0.487645
0.422819
0.469496
0.479400
0.517405
0.513133
0.495210
0.503144
0.524482
0.551865
0.505436
0.478600
0.438247
0.449085
0.384815
0.413322
0.323407
0.350962
0.356498
0.342774
0.305482
0.328664
0.273801
0.276274
0.276241
0.328743
0.288656
0.269343
0.235631
0.251837
0.410809
0.385575
0.404695
0.374555
0.360653
0.428242
0.372149
0.329317
0.322211
0.411072
0.405202
0.390649
0.480881
0.409459
0.398165
0.452990
0.414238
0.500414
0.471201
0.455842
0.465058
0.348273
0.294649
0.462191
0.430828
0.435052
0.431011
0.375332
0.346856
0.356311
0.402043
0.385636
0.448488
0.415253
0.381710
0.332121
0.363076
0.308097
0.267462
0.249134
0.246483
0.226365
0.189937
0.189409
0.443902
0.394959
0.317075
0.301258
0.297800
0.355611
0.345642
0.371414
0.303629
0.330537
0.390697
0.339660
0.882214
0.803060
0.782896
0.757857
0.755561
0.735018
0.736631
0.766013
0.763768
0.788782
0.775513
0.830409
0.868390
0.887475
0.939951
0.929885
0.979778
0.972306
1.003355
1.050546
1.081436
1.107895
1.122742
1.099953
1.151791
1.168856
1.162465
1.161471
1.200313
1.248366
1.271078
1.345457
1.356629
1.387201
1.383143
1.366163
1.413900
1.428985
1.415834
1.394541
1.390405
1.333346
1.257581
1.223375
1.233589
1.194462
1.169804
1.194045
1.217886
1.218195
1.207335
1.181907
1.216059
1.133798
1.157640
1.183607
1.155706
1.131957
1.128679
1.096002
1.064296
1.030691
1.025649
0.980910
0.963041
0.954102
0.897491
0.858005
0.863325
0.885049
0.884360
0.856713
0.887770
0.850537
0.815767
0.785590
0.786099
0.754990
0.762214
0.807056
0.780274
0.776720
0.766477
0.927414
0.994139
1.120131
1.079767
1.065502
1.055683
1.014645
0.979213
0.949485
0.888378
0.815822
0.827001
0.792319
0.817800
0.850900
0.860502
0.832743
0.801908
0.829486
0.837067
0.873997
0.899824
0.915072
0.804376
0.862335
0.920049
1.008641
1.159408
1.069024
1.079774
1.050392
1.053264
1.022608
0.996046
1.042418
1.006089
0.996673
0.967115
0.932407
0.939536
0.906851
0.901818
0.879746
0.883221
0.848764
0.862582
0.889269
0.912931
0.941434
0.904016
0.875252
0.859056
0.850583
0.820380
0.798209
0.815624
0.826363
0.836165
0.903496
0.873984
0.858984
0.834186
0.817121
0.816004
0.839683
0.847159
0.800311
0.869495
0.842045
0.881889
0.830890
0.859779
0.921683
0.839065
0.883550
0.897961
0.957581
0.980822
1.011818
1.001871
1.041693
1.114115
1.109632
1.062764
1.032904
1.049165
1.085994
1.041194
1.065490
1.148213
1.121711
1.150490
1.169768
1.140361
1.103528
1.467295
1.502889
1.511888
1.538370
1.544483
1.504288
1.434796
1.475362
1.505239
1.501633
1.502118
1.502576
1.541680
1.562695
1.588398
1.596946
1.578350
1.608048
1.633327
1.673913
1.677522
1.664068
1.646214
1.636944
1.606334
1.598720
1.569895
1.581087
1.605051
1.585495
1.611163
1.639736
1.656765
1.485118
1.466161
1.441987
1.415100
1.391796
1.369084
1.560462
1.492949
1.516911
1.549959
1.580622
1.570846
1.425833
1.454527
1.448470
1.423126
1.456192
1.441972
1.448971
1.483672
1.420005
1.401291
1.401623
1.373685
1.351175
1.293338
1.267047
1.231364
1.209705
1.181703
1.163067
1.167718
1.150444
1.101715
1.074421
1.117940
1.095478
1.058537
1.071254
1.041097
1.065767
1.042065
1.057594
1.068217
1.070584
1.097728
1.071006
1.095610
1.148055
1.177328
1.188740
1.212988
1.231593
1.242918
1.218617
1.182588
1.157943
1.141135
1.070604
1.014470
0.997685
0.975131
0.949718
0.962324
0.987937
0.996343
1.012519
0.995719
0.982895
0.930735
0.926405
0.898830
0.870098
0.832363
0.812917
0.843810
0.850990
0.812548
0.841573
0.824829
0.831600
0.799049
0.783235
0.819966
0.831070
0.796556
0.802224
0.875725
0.875127
0.899175
0.880507
0.881907
0.858940
0.904343
0.879592
0.872956
0.867717
0.872799
0.893061
0.907835
0.870057
0.903278
0.951064
0.985774
0.959440
0.931197
0.973690
0.994373
0.922751
0.828867
0.845054
0.849228
0.858480
0.970534
0.939565
0.920682
0.911891
0.951173
0.938592
0.927637
0.913697
1.000429
1.028973
1.048549
1.055900
1.057385
1.079070
1.090810
1.092255
1.074716
1.102210
0.959625
0.890922
0.890552
0.949260
0.950753
0.907630
0.886012
0.893706
0.897033
0.935737
0.953139
0.965456
0.971558
0.954868
0.927811
0.896386
0.911153
0.856531
0.821355
0.795822
0.763568
0.706898
0.684666
0.659294
0.678480
0.697547
0.790670
0.825070
0.817167
0.844371
0.868759
0.845840
0.814003
0.811841
0.786651
0.804118
0.834562
0.815576
0.757902
0.784523
0.734667
0.724312
0.751742
0.702553
0.738308
0.743533
0.794271
0.768113
0.746606
0.662546
0.616852
0.593016
0.585604
0.622140
0.590616
0.602584
0.607153
0.646617
0.672807
0.695998
0.765041
0.764985
0.717782
0.743772
0.737297
0.722830
0.702896
0.703536
0.654747
0.650237
0.651370
0.670299
0.699246
0.685181
0.708997
0.812966
0.770870
0.719321
0.686010
0.691492
0.711904
0.742803
0.743410
0.762367
0.695763
0.670611
0.641378
0.658135
0.616951
0.636521
0.640985
0.669215
0.681586
0.692896
0.667913
0.721006
0.639915
0.621843
0.674574
0.692968
0.720857
0.759111
0.792023
0.816512
0.880188
0.907798
0.936973
0.893067
0.916758
0.916951
0.916259
0.906777
0.952595
0.930490
0.916945
0.922742
0.936063
0.942824
0.940164
0.938904
0.859838
0.895520
0.859805
0.856951
0.845008
0.820204
0.827752
0.791212
0.749175
0.726363
0.753119
0.754641
0.784670
0.770720
0.802857
0.899597
0.907418
0.977949
0.942672
0.987707
0.986608
0.971689
0.914024
0.870885
0.836781
0.811498
0.814549
0.853028
0.846770
0.877973
0.883904
0.911576
0.869470
0.885982
0.852253
0.871732
0.836514
0.867939
0.800550
0.791649
0.758280
0.718260
0.691060
0.639690
0.626642
0.604118
0.603220
0.564181
0.533175
0.504305
0.412441
0.407156
0.319142
0.333851
0.346888
0.374016
0.388813
0.427147
0.474802
0.491749
0.462532
0.537948
0.554967
0.573725
0.627795
0.646203
0.657637
0.684249
0.730300
0.744052
0.728494
0.717676
0.677052
0.621998
0.646281
0.619135
0.648093
0.666861
0.655485
0.666144
0.643768
0.634202
0.608311
0.566370
0.504396
0.391664
0.408031
0.419727
0.445241
0.476297
0.397698
0.437592
0.428821
0.469337
0.469594
0.496223
0.495353
0.523757
0.529243
0.512155
0.537267
0.672813
0.688539
0.695145
0.761220
0.786090
0.784395
0.807547
0.773623
0.741765
0.726416
0.691715
0.666429
0.751103
0.809720
0.844831
0.815237
0.803444
0.712135
0.700747
0.778818
0.785646
0.731227
0.747274
0.766083
0.765820
0.794860
0.769619
0.761606
0.792710
0.815543
0.837005
0.825640
0.804743
0.705785
0.745802
0.753436
0.772599
0.788952
0.789780
0.761300
0.758310
0.766578
0.737572
0.623683
0.584669
0.607477
0.575693
0.638906
0.612406
0.571209
0.538895
0.498972
0.462489
0.427854
0.407319
0.365689
0.353201
0.318322
0.601972
0.561139
0.541601
0.532892
0.567027
0.575276
0.608089
0.605064
0.622438
0.687679
0.724597
0.749016
0.797683
0.797546
0.783455
0.719569
0.687946
0.633022
0.603830
0.576888
0.588268
0.624544
0.666343
0.634977
0.673520
0.754939
0.719206
0.697149
0.678224
0.727287
0.656108
0.666127
0.700305
0.712052
0.782237
0.721920
0.758642
0.751882
0.765787
0.734064
0.717986
0.701447
0.632271
0.687592
0.668372
0.652834
0.670644
0.675623
0.732302
0.752713
0.597167
0.565324
0.570716
0.544432
0.491074
0.474825
0.480330
0.472206
0.464428
0.475766
0.457381
0.438829
0.441224
0.455314
0.448119
0.446462
0.460918
0.493849
0.484437
0.428545
0.428325
0.398143
0.382322
0.398841
0.414162
0.393813
0.418382
0.391078
0.437971
0.432879
0.423485
0.398791
0.383718
0.370534
0.455381
0.398031
0.515979
0.514923
0.553360
0.500348
0.532354
0.511697
0.533064
0.505777
0.490757
0.561294
0.560068
0.589050
0.638663
0.610234
0.625480
0.595473
0.570897
0.548634
0.533237
0.574781
0.482297
0.470168
0.443920
0.420603
0.417778
0.389678
0.368749
0.388434
0.348640
0.381807
0.346270
0.417087
0.400158
0.440172
0.474075
0.498660
0.535252
0.580006
0.581336
0.604152
0.521068
0.502277
0.516639
0.494001
0.468209
0.524530
0.536581
0.544365
0.579896
0.565752
0.493719
0.448408
0.354485
0.387250
0.374505
0.454996
0.438128
0.427874
0.469573
0.446171
0.511627
0.476423
0.508015
0.292975
0.287440
0.328971
0.276652
0.243313
0.306561
0.316885
0.302010
0.310765
0.281083
0.278615
0.320987
0.346019
0.372745
0.391475
0.421295
0.417124
0.450689
0.511999
0.536337
0.566038
0.594212
0.607831
0.681148
0.701892
0.730363
0.738247
0.760182
0.837163
0.860903
0.459253
0.500845
0.499888
0.472490
0.444535
0.466201
0.488678
0.450227
0.478139
0.455941
0.469630
0.433124
0.468558
0.431705
0.449580
0.525222
0.517475
0.523827
0.509732
0.504034
0.532631
0.543621
0.541216
0.577093
0.615821
0.629775
0.650232
0.677290
0.795383
0.738190
0.604571
0.603504
0.625026
0.583796
0.569676
0.566348
0.556406
0.521482
0.536052
0.586177
0.576843
0.538822
0.573200
0.549962
0.559377
0.545459
0.551674
0.540670
0.494585
0.548580
0.536773
0.584607
0.583580
0.566236
0.483606
0.506700
0.597206
0.671707
0.711658
0.683981
0.306266
0.327003
0.357673
0.360385
0.384272
0.405551
0.445542
0.415819
0.427784
0.440940
0.366863
0.334539
0.443478
0.474521
0.248265
0.223882
0.227485
0.236112
0.266621
0.283905
0.375662
0.455917
0.514355
0.352029
0.337191
0.301194
0.324414
0.329242
0.298076
0.401732
0.387809
0.414030
0.388909
0.334157
0.309771
0.336639
0.352277
0.360956
0.369683
0.357976
0.333515
0.428505
0.450726
0.280446
0.314372
0.265831
0.278414
0.256187
0.277742
0.248852
0.226496
0.208729
0.245033
0.701432
0.867597
0.868972
0.914333
0.908043
0.945189
0.970235
0.976118
0.997342
0.966580
0.932032
0.901780
0.904466
0.877890
0.958341
1.002985
1.014926
0.965874
0.949208
0.945899
0.926983
0.927162
0.983420
1.050790
1.074298
1.071493
1.074492
1.033384
1.023754
1.012232
1.044418
1.031312
1.062405
1.032613
1.080788
1.111418
1.173304
1.177582
1.178265
1.199670
1.200985
1.209592
1.231384
1.288132
1.338193
1.402089
1.380366
1.375345
1.354151
1.339659
1.304425
1.301000
1.277646
1.288187
1.321862
1.255982
1.365923
1.341515
1.390383
1.350633
1.357369
1.198859
1.197398
1.210275
1.239808
1.220934
1.238227
1.206727
1.219346
1.230834
1.206259
1.234075
1.189250
1.137464
1.115965
1.094701
1.130260
1.162825
1.174218
1.145316
1.117033
1.101254
1.142266
1.197186
1.193427
1.133375
1.123907
1.136620
1.160945
1.188901
1.187539
1.160847
1.156220
1.168646
1.197639
1.210825
1.172062
1.244286
1.048795
1.014106
1.014827
1.044059
1.117881
1.119519
1.079414
1.092902
1.058230
1.099876
1.120310
1.097161
1.129645
1.120812
1.102520
1.084306
1.071513
1.051131
1.026186
1.074046
1.084721
1.106493
1.082132
1.123680
1.000027
1.049099
0.910813
0.891381
0.854232
0.799434
0.775722
0.768104
0.788434
0.817192
0.834320
0.824055
0.835241
0.766881
0.743382
0.649405
0.651796
0.621197
0.577929
0.570798
0.548633
0.527821
0.504987
0.437021
0.417651
0.420067
0.403763
0.605000
0.613424
0.636995
0.625064
0.641042
0.648532
0.692300
0.707415
0.750054
0.760974
0.826858
0.805228
0.774924
0.782239
0.745362
0.752293
0.777056
0.808758
0.791996
0.848436
0.876578
0.857531
0.824274
0.836754
0.851633
0.813804
0.830481
0.815836
0.786745
0.739350
0.751917
0.728439
0.699341
0.707342
0.740105
0.663896
0.682001
0.657647
0.645164
0.679241
0.672243
0.686661
0.702005
0.723101
0.695088
0.725324
0.741116
0.738164
0.713427
0.736757
0.798953
0.635167
0.722401
0.701143
0.676049
0.657184
0.625695
0.631491
0.640173
0.665140
0.602975
0.565837
0.540053
0.489385
0.478565
0.460207
0.436550
0.617881
0.588609
0.679556
0.868190
0.836015
0.811777
0.827030
0.803734
0.801746
0.777035
0.802451
0.812454
0.821157
0.843443
0.822710
0.798752
0.836825
0.783310
0.735370
0.771673
0.911056
0.890529
0.890169
0.904077
0.883189
0.863697
0.868925
0.832738
0.851951
0.850423
0.831758
0.840621
0.856100
0.862138
0.876248
0.827667
0.895124
0.942094
0.903386
0.871532
0.891388
0.901724
0.867722
0.705123
0.646184
0.801233
0.769588
0.770989
0.866647
0.885883
0.953041
0.864222
0.932871
0.972049
0.949029
0.966082
0.979696
1.053418
1.030852
1.028072
0.998818
0.985338
0.990832
0.961983
0.924039
1.056881
1.000251
0.996400
0.929497
0.964735
0.923597
0.944310
0.900396
0.929307
0.935378
1.011232
1.024021
1.037041
1.030700
1.058874
1.087068
1.127092
1.161050
1.191436
1.121550
1.158604
1.085525
1.042051
1.054793
1.058875
1.113045
1.180949
0.977227
0.998420
1.013466
1.037000
1.064499
1.040501
1.030730
1.039800
1.039549
0.993714
1.248279
1.260428
1.331444
1.337716
1.351380
1.372272
1.392434
1.381111
1.335658
1.310978
1.269209
1.245479
1.164946
1.138994
1.102823
1.075388
1.080592
1.095828
1.117262
1.064680
1.070135
1.040337
1.015597
0.992204
1.014914
0.959172
1.024319
1.026053
1.016009
0.984860
0.967118
0.961149
0.940570
0.968297
0.995665
0.926111
0.994930
1.260713
1.257288
1.289237
1.303723
1.285441
1.271003
1.297752
1.323086
1.298558
1.312463
1.323335
1.353835
1.343193
1.315534
1.335967
1.318362
1.311384
1.325872
1.345411
1.330527
1.363392
1.401843
1.407056
1.380161
1.367728
1.373212
1.392129
1.427689
1.440029
1.459727
1.526093
1.537896
1.580920
1.567479
1.601088
1.541914
1.558112
1.556075
1.538815
1.502252
1.522726
1.552121
1.587820
1.564453
1.592024
1.567068
1.598307
1.641574
1.609429
1.614469
1.628522
1.631221
1.639812
1.617947
1.582648
1.560759
1.530021
1.531078
1.502969
1.474032
1.449128
1.444802
1.407227
1.422092
1.365300
1.346592
1.341311
1.353395
1.316869
1.335366
1.329975
1.314497
1.371639
1.373678
1.353769
1.393804
1.382182
1.410370
1.482818
1.506469
1.524714
1.529134
1.526007
1.502725
1.515575
1.492452
1.508406
1.456897
1.475443
1.497594
1.514600
1.487447
1.533871
1.501099
1.510339
1.468150
1.453493
1.457838
1.479188
1.452956
1.455578
1.484814
1.387958
1.591217
1.616842
1.603776
1.539526
1.460109
1.442462
1.466319
1.422668
1.384473
1.374189
1.353160
1.603552
1.617866
1.555174
1.514114
1.572419
1.539492
1.601668
1.596189
1.524568
1.563824
1.513805
1.517261
1.578190
1.574008
1.538522
1.511271
1.484335
1.456500
1.451234
1.390058
1.416304
1.492481
1.482621
1.452708
1.588394
1.624383
1.622563
1.577553
1.561688
1.538192
1.442337
1.406796
1.401858
1.391217
1.362832
1.382260
1.286372
1.305217
1.270581
1.221872
1.223028
1.200094
1.140296
1.128546
1.139707
1.103584
1.163694
1.154819
1.095517
1.063138
1.106766
1.127208
1.109949
1.077493
1.030216
0.992253
0.948619
0.920405
0.907661
0.895437
0.863059
0.876631
0.839650
0.860856
0.869599
0.812191
0.814723
0.842515
0.787899
0.806204
0.819641
0.793783
0.759322
0.761362
0.763917
0.734848
0.700684
0.667898
0.695013
0.662377
0.644517
0.669033
0.655011
0.678998
0.666069
0.686203
0.716944
0.710848
0.732646
0.717095
0.773328
0.800498
0.778284
0.757205
0.786630
0.787564
0.702057
0.745963
0.688641
0.716559
0.752381
0.783111
0.722331
0.799338
0.827851
0.840367
0.703428
0.662007
0.650622
0.623185
0.586152
0.589063
0.595875
0.628116
0.633023
0.632306
0.656480
0.617730
0.579250
0.639697
0.635617
0.692628
0.670579
0.541875
0.553872
0.484612
0.422701
0.373754
0.376864
0.341375
0.353607
0.401172
0.414681
0.421067
0.534953
0.567840
0.628688
0.732411
0.760104
0.790782
0.804652
0.739278
0.753390
0.773865
0.653922
0.641179
0.621660
0.643486
0.420489
0.439853
0.472587
0.496730
0.651089
0.641616
0.672856
0.675289
0.714251
0.733623
0.711205
0.749035
0.509715
0.577203
0.574237
0.586924
0.616985
0.696400
0.685816
0.654115
0.618738
0.586464
0.565297
0.579044
0.540892
0.613576
0.665056
0.616319
0.650402
0.614807
0.543553
0.533548
0.517220
0.490032
0.503702
0.712122
0.723433
0.511487
0.530289
0.554380
0.524655
0.559499
0.583792
0.536227
0.457615
0.497645
0.395874
0.567886
0.609451
0.591532
0.561395
0.534777
0.560625
0.592499
0.624720
0.693932
0.786106
0.814692
0.838181
0.803438
0.810164
0.875638
0.903725
0.930687
0.950745
1.004973
1.002878
1.048667
1.047135
0.980694
0.954313
0.991990
0.938850
0.904146
1.018322
1.034173
0.892023
0.831504
0.835386
0.832285
0.957132
1.043184
1.025919
1.157832
1.207132
1.222953
1.225573
1.256116
1.245542
1.285738
1.306913
1.214247
1.625894
1.642063
1.588600
1.618319
1.538416
1.572198
1.504888
1.482635
1.467013
1.427725
1.638584
1.633471
1.669904
1.674944
1.672059
1.666335
1.704448
1.694769
1.728876
1.702055
1.711967
1.678334
1.681762
1.652489
1.593016
1.592684
1.532904
1.534336
1.567630
1.622609
1.631294
1.652769
1.643536
1.685949
1.656302
1.647420
1.652700
1.675841
1.661950
1.648664
1.626007
1.609910
1.604889
1.590808
1.611309
1.580310
1.624579
1.697860
1.693666
1.719049
1.713376
1.709311
1.678582
1.690362
1.696990
1.673973
1.701880
1.710745
1.712571
1.681897
1.670935
1.640975
1.671410
1.674994
1.681244
1.706306
1.702311
1.702719
1.710005
1.664222
1.717964
1.661259
1.630872
1.602448
1.617831
1.643933
1.671297
1.661395
1.638871
1.682063
1.709162
1.707035
1.705567
1.562157
1.544802
1.536621
1.544455
1.604848
1.567629
1.546443
1.507511
1.527214
1.557906
1.567492
1.555873
1.510407
1.519480
1.494775
1.447607
1.474638
1.439986
1.464152
1.445320
1.429739
1.413291
1.373227
1.348644
1.314915
1.287708
1.240437
1.206993
1.144944
1.123260
1.110129
1.080192
1.241656
1.213113
1.159789
1.133950
1.107622
1.209596
1.169372
1.084331
1.099183
1.072387
1.250175
1.191130
1.337776
1.387007
1.444599
1.482369
1.478848
1.471814
1.585311
1.654130
1.634810
1.666468
1.691588
1.667869
1.685961
1.611830
1.619517
1.638956
1.608311
1.641432
1.694037
1.594131
1.606205
1.575223
1.560996
1.583677
1.570659
1.544652
1.594706
1.617278
1.603200
1.616944
1.580790
1.636573
1.641627
1.646792
1.679492
1.633695
1.608526
1.581907
1.582506
1.482403
1.477917
1.450467
1.462373
1.422526
1.491139
1.510569
1.533941
1.557994
1.575481
1.545326
1.519923
1.450307
1.437032
1.422173
1.510460
1.513424
1.541919
1.618347
1.598529
1.663116
1.572081
1.498841
1.504191
1.557639
1.644671
1.615938
1.597107
1.540710
1.638970
1.721024
1.669998
1.649402
1.648141
1.618773
1.666493
1.565401
1.556221
1.552278
1.581356
1.661907
1.589734
1.621074
1.606874
1.594449
1.575721
1.537153
1.497939
1.446257
1.428152
1.419537
1.377811
1.609497
1.581527
1.567155
1.549509
1.559890
1.606747
1.580224
1.580844
1.631669
1.605951
1.493788
1.469373
1.472875
1.423624
1.549438
1.511995
1.501770
1.430187
1.372928
1.356845
1.329726
1.416479
1.398790
1.418613
1.442936
1.428587
1.404776
1.377099
1.371195
1.352373
1.417171
1.461029
1.489325
1.513042
1.479119
1.452916
1.432872
1.393071
1.486296
1.396014
1.310772
1.286843
1.288410
1.265693
1.197953
1.151335
1.173734
1.208066
1.201215
1.192186
1.151890
1.157990
1.134249
1.054251
1.038258
1.079309
1.082503
1.108671
1.106224
1.162535
1.205904
1.199089
1.212767
1.244397
1.182738
1.173970
1.163556
1.344254
1.317988
1.335404
1.358349
1.376453
1.403187
1.371109
1.401180
1.380114
1.357110
1.359134
1.363361
1.336744
1.314846
1.331727
1.255533
1.229772
1.222416
1.209259
1.210577
1.296913
1.294301
1.282165
1.258826
1.274750
1.191376
1.185323
1.287254
1.371456
1.288539
1.257313
1.218197
1.316617
1.344200
1.333493
1.427035
1.360830
1.367091
1.398842
1.402164
1.363802
1.372495
1.396290
1.401317
1.400000
1.391241
1.372222
1.341287
1.341180
1.311401
1.334407
1.340411
1.353944
1.390862
1.308086
1.414206
1.350664
1.374982
1.339348
1.329037
1.298110
1.255197
1.217129
1.184136
1.155812
1.144681
1.118375
1.105293
1.077943
1.095803
1.033738
1.002518
0.975842
0.962383
0.949092
0.971994
0.944895
0.977352
0.974988
0.995399
1.010280
0.981301
1.020800
0.993322
1.024813
1.049052
1.069349
1.085037
1.026596
1.067479
1.003038
1.031777
0.990954
1.042961
1.090870
1.157644
1.175882
1.155700
1.145992
1.200695
1.237629
1.261946
1.252108
1.280305
1.027261
1.097509
1.127934
1.124724
1.142974
1.067661
1.126934
1.121052
1.322473
1.325675
1.341998
1.296704
1.300295
1.278194
1.272624
1.301669
1.285271
1.265359
1.240047
1.213001
1.206782
1.181812
1.102842
1.148252
1.146903
1.146181
1.127136
1.119551
1.084578
1.130350
1.156049
1.186745
1.227117
1.254630
1.194110
1.182796
1.241802
1.161049
1.180428
1.211251
1.218751
1.243836
1.274795
1.181792
1.252905
1.278270
1.294730
1.274179
1.302078
1.259820
1.224594
1.205428
1.231466
1.288079
1.323108
1.325629
1.329268
1.325313
1.276336
1.248932
1.202819
1.185125
1.169438
1.125108
1.236284
1.261430
1.289925
1.285442
1.269377
1.280795
1.282190
1.281603
1.296186
1.291719
1.269474
1.243349
1.254205
1.226454
1.227854
1.256198
1.274547
1.265387
1.202891
1.222540
1.227780
1.184851
1.198157
1.217864
1.228689
1.207142
1.201615
1.155848
1.193928
1.183661
1.179954
1.178720
1.140956
1.112200
1.122292
1.137774
1.159796
1.169963
1.281103
1.327621
1.354197
1.367641
1.366740
1.332776
1.354292
1.381346
1.321351
1.286057
1.319331
1.312309
1.296814
1.305072
1.323388
1.343456
1.327010
1.315007
1.347070
1.313203
1.321200
1.346857
1.381397
1.421166
1.423753
1.355795
1.387921
1.417410
1.531721
1.445834
1.441387
1.446382
0.824433
0.852220
0.795950
0.804225
0.766665
0.752568
0.842347
0.789203
0.769703
0.742763
0.730973
0.729287
0.920933
0.904746
0.930037
0.947077
0.905607
0.936705
0.951625
0.976967
0.970605
0.974705
0.973914
0.941396
0.956690
0.959746
0.986459
1.012403
1.048996
1.075906
1.078239
1.100772
1.134170
1.134940
1.141145
1.119031
1.105653
0.984396
1.016679
0.998457
1.026395
0.996736
0.967145
1.010807
0.913533
0.911771
0.938423
0.928511
0.942826
0.920096
0.902579
0.937133
1.005503
0.958347
0.922358
0.938293
0.969372
0.991759
0.923376
0.881488
0.918391
0.864625
0.956156
0.954349
0.996460
0.986901
0.988213
0.979515
0.956246
0.929714
0.899345
0.998263
1.010511
1.015418
1.032367
1.041979
1.061718
1.083625
0.988053
1.033488
1.014310
1.017040
0.326251
0.297527
0.372832
0.980735
0.955161
0.841479
0.993598
0.866680
0.555166
0.497229
0.528171
0.525064
0.486182
0.461491
0.428414
0.431824
0.434114
0.408758
0.385091
0.346210
0.367776
0.315800
0.298845
0.275352
0.243907
0.224332
0.212567
0.212867
0.237799
0.284718
0.306682
0.371765
0.362278
0.380314
0.395364
0.433719
0.462151
0.515579
0.496836
0.527832
0.535703
0.587170
0.576394
0.561505
0.541899
0.577586
0.600792
0.577162
0.230637
0.285238
0.314714
0.311347
0.288502
0.299958
0.281384
0.252848
0.312313
0.318331
0.329910
0.263269
0.264523
0.281012
0.237529
0.576091
0.546326
0.547680
0.520221
0.500302
0.467236
0.446241
0.419681
0.380525
0.346263
0.337013
0.367642
0.350841
0.321866
0.301040
0.263918
0.258983
0.526218
0.537211
0.536855
0.500841
0.469627
0.486538
0.460800
0.505374
0.498543
0.464488
0.426019
0.437970
0.447141
0.480812
0.495379
1.021890
1.069862
1.086531
1.014611
0.958476
0.939676
0.968754
0.965306
1.003922
0.566875
0.561196
0.582234
0.563168
0.530864
0.533312
0.540911
0.526056
0.483704
0.473164
0.456972
0.507197
0.533884
0.563493
0.539606
0.514011
0.589274
1.078051
0.938174
0.545278
0.544449
0.509430
1.105190
1.129895
1.133276
1.161124
1.144588
1.111853
1.105033
1.167091
1.135601
1.167129
1.111717
1.126064
1.121626
1.052690
1.062169
1.077343
1.062488
1.192854
1.182454
1.196296
1.195176
1.155400
1.183971
0.723284
0.735326
0.703333
0.714388
0.769795
0.764341
0.743984
0.675229
0.798545
0.758616
0.737571
0.790558
0.770382
0.784764
0.709303
0.374040
0.334638
0.303130
0.352255
0.498263
0.415857
0.446773
0.471583
0.468904
1.110527
1.085037
0.739690
0.717154
0.721393
0.695945
1.017800
1.037634
1.040439
1.087726
1.116701
1.005493
0.329606
0.304821
1.103298
1.084136
1.118970
1.130077
1.145515
0.304198
0.256183
0.272864
0.566555
0.554017
1.218645
1.241844
1.258165
1.270799
1.290305
1.325234
1.334325
1.348929
1.362020
1.368414
1.369076
1.401522
1.405079
1.365047
1.382384
1.336357
1.220762
1.303116
1.233976
1.200739
1.227360
1.217358
1.253522
1.278559
1.320277
1.334735
1.314655
1.312732
1.288786
1.263794
1.271066
1.239421
1.215185
1.176888
1.174492
1.188043
1.194733
1.162719
1.199073
1.146084
0.479959
0.479956
0.446809
0.431629
0.440920
0.401456
1.251506
1.266447
1.299545
1.285090
1.305704
1.307343
1.262829
0.616962
0.590659
0.572203
0.652205
0.620774
0.669432
0.643440
0.578097
0.601659
0.625880
0.633283
0.567992
0.604813
0.587283
0.622348
1.316030
1.330219
1.371564
1.362326
1.247615
1.260221
1.287538
1.274796
1.015561
0.957518
1.009126
1.021951
1.040906
1.049506
1.047572
1.006064
1.024264
0.990169
0.961948
0.936272
0.902291
0.927287
0.947230
0.946772
0.993999
0.940713
0.908441
0.957142
0.914791
0.967051
0.983937
0.989726
0.705663
0.697982
0.735301
0.278412
1.200748
1.214908
1.188694
1.194190
1.286282
1.258061
1.299791
1.354280
1.296593
1.325964
1.317880
1.328478
1.350027
1.309345
1.275389
0.998817
1.024848
1.030135
1.049167
1.057572
1.038746
1.017178
1.035072
1.103579
1.108946
1.130071
1.147933
1.159724
1.196139
1.210681
1.191746
1.153489
1.118742
1.186779
1.176408
1.106810
1.153614
1.123316
1.106939
1.067695
1.078706
1.091987
1.237550
1.208183
1.178151
1.162701
1.156729
1.131777
0.322241
0.301108
0.305471
0.293066
0.272689
0.226016
0.244306
0.234563
0.219553
0.277166
1.164952
1.187635
1.139843
1.072116
0.771130
0.773704
0.766698
0.752809
0.805784
0.800615
0.753519
0.779045
0.793891
0.807283
0.792348
0.764404
1.107537
1.082425
0.689817
0.395269
0.401530
0.375177
0.322561
0.409586
0.356800
0.365347
0.316187
0.342032
1.240299
1.248219
0.662872
0.624010
0.631234
0.650710
0.633796
0.616615
0.664481
0.658224
0.677233
1.244484
1.270043
1.285221
1.256969
1.225719
1.205213
1.247815
1.182581
1.179235
0.606922
0.612769
1.227269
1.255226
1.229109
1.213428
1.085632
1.060652
0.584535
0.560147
0.345484
0.243373
0.179393
0.202948
0.160455
0.091121
0.117092
0.099278
0.074524
0.109499
0.108988
0.119844
0.152037
0.154438
0.166501
0.175098
0.195164
0.187115
0.156115
0.216222
0.210000
0.192326
0.189164
0.141392
0.135847
0.100076
0.103906
0.108869
0.131417
0.162263
0.186702
0.214042
0.239577
0.296762
0.283072
0.321486
0.307729
0.274532
0.314097
0.281856
0.290986
0.275981
0.290364
0.249472
0.221966
0.217671
0.204574
0.212171
0.231991
0.248218
0.311644
0.336386
0.251595
0.258531
0.232508
0.224063
0.206651
0.214431
0.234233
0.251324
0.247173
0.257209
0.266343
0.171129
0.268792
0.317007
0.340140
0.365616
0.353618
0.385515
0.367011
0.433645
0.422506
0.420547
0.451253
0.399741
0.442432
0.500336
0.509699
0.462385
0.433398
0.400259
0.412829
0.391697
0.405758
0.396447
0.374628
0.351104
0.363161
0.336450
0.293666
0.257991
0.504136
0.477199
0.474637
0.433280
0.411421
0.477991
0.220544
0.223283
0.313065
0.328821
0.362447
0.385191
0.401102
0.432250
0.441317
0.464045
0.512270
0.524547
0.547317
0.564346
0.582213
0.572875
0.570219
0.599837
0.604494
0.634135
0.661190
0.702735
0.755269
0.747970
0.741047
0.744229
0.715546
0.698071
0.664051
0.638884
0.626760
0.666377
0.736292
0.717557
0.667952
0.692055
0.727292
0.717502
0.694105
0.664728
0.626792
0.554932
0.533886
0.486914
0.443298
0.409222
0.389810
0.377555
0.404359
0.491590
0.519295
0.534477
0.570297
0.600128
0.594429
0.413484
0.429013
0.458052
0.534934
0.432384
0.400479
0.419200
0.386548
0.635412
0.618262
0.597074
0.652335
0.675225
0.645317
0.670797
0.692391
0.695518
0.704881
0.723895
0.602649
0.167679
0.231472
0.259580
0.271828
0.291356
0.322242
0.288253
0.323679
0.341191
0.300359
0.248041
0.266446
0.161715
0.163068
0.187065
0.189756
0.210233
0.221556
0.242160
0.243047
0.277305
0.293787
0.267726
0.252853
0.274607
0.137170
0.067956
0.077631
0.031897
0.000000
0.027621
0.064178
0.102986
0.131276
0.204228
0.212378
0.166306
0.184395
0.192835
0.111251
0.063381
0.041121
0.146819
0.063537
0.054556
0.083437
0.189669
0.184160
0.114638
0.195871
0.058920
0.072259
0.079847
0.144117
0.104984
0.150590
0.170877
0.168489
0.138020
0.190678
0.131690
0.139072
0.123896
0.049107
0.037263
0.024079
0.106750
0.100615
0.124750
0.071334
0.050892
0.076795
0.119270
0.170199
0.117695
0.130806
0.088790
0.064576
0.087820
0.082178
0.032813
0.080131
0.046919
0.082998
0.074062
0.112740
0.164269
0.151051
0.358788
1.229744
1.241026
1.266993
1.172451
1.218904
1.347125
0.689926
0.371035
1.208763
1.185507
1.045889
1.003595
0.993014
1.034090
1.127128
1.157845
1.142119
1.186723
1.130116
1.109439
1.104286
0.724572
0.504153
1.231236
1.273642
0.905598
0.943353
0.970761
0.400151
0.359024
0.377372
0.376986
0.346175
0.404401
1.135321
1.019538
1.239596
1.260855
1.277981
1.090746
1.089667
0.999349
0.977634
0.969988
0.835965
0.860476
0.698310
0.759530
0.609610
0.731603
0.691100
0.759713
0.716628
0.613678
0.600820
0.568595
0.595823
0.449477
1.131168
0.528314
0.502983
0.474146
0.434711
0.451333
0.511229
0.449691
0.513985
0.534942
0.508381
0.479014
0.540404
0.538949
0.548953
0.520654
0.571809
0.577566
0.562791
0.497545
0.498346
0.484842
0.456093
0.448770
0.472006
1.159717
1.176531
1.176309
1.175249
1.196729
1.232968
1.229186
1.171481
1.184263
1.178601
1.128193
1.152764
1.145115
1.163334
1.200722
1.156910
0.616703
0.585776
0.562037
0.254922
0.226583
0.200331
1.295469
1.259671
1.272802
0.425139
0.416524
0.389571
0.399968
0.368567
0.363443
1.098864
0.508254
0.489983
0.530514
0.392768
0.402630
1.395777
1.111477
1.376270
0.187454
0.131312
0.097151
0.127731
0.777579
0.792713
0.799143
1.302478
1.348503
1.375476
1.398216
1.422536
1.439569
1.455439
1.390308
1.346539
1.309296
1.386283
1.371115
1.332185
1.323261
1.303600
0.750238
0.776819
0.258444
1.375372
1.392812
1.266188
1.293955
0.596845
0.643653
0.208611
0.226342
0.402546
1.383909
0.680892
0.683335
0.704585
0.728349
0.769802
0.734738
0.723323
0.643730
0.239088
0.233760
0.294104
0.293400
0.255529
0.228379
0.214302
0.224825
0.257146
0.279242
0.293980
0.238756
0.267188
0.217476
0.248213
0.265292
0.186749
0.198624
0.159582
0.207370
0.126467
0.130270
1.283823
1.293543
1.240666
1.215262
1.171352
1.124743
1.324808
1.323326
1.362460
1.343464
1.402252
1.347533
1.303231
1.404502
1.365891
1.394805
1.427341
1.400876
1.445543
1.460562
1.479948
1.526515
1.552314
1.066218
1.035500
0.730850
0.753563
0.390266
0.484298
1.338835
1.260018
1.207462
1.245040
0.490901
1.462937
1.330770
1.427774
0.371814
0.156012
0.142294
0.124392
0.109414
0.086868
0.164225
0.194971
0.210499
0.166877
0.241145
0.289055
0.339889
1.291916
1.299987
1.264652
1.240893
1.203834
1.246165
1.227502
1.270856
1.301061
1.303287
1.268022
1.261794
1.253727
1.281409
1.318978
1.319482
1.349335
1.355478
1.340009
1.320352
1.322558
1.345379
1.336951
1.359647
1.370731
1.425507
1.438400
1.513015
1.477624
1.256053
0.408593
0.372573
0.361631
0.387130
0.395558
0.387115
0.337089
0.381286
0.399587
0.429888
0.418360
0.421188
0.418430
0.413913
0.138826
1.482563
0.241844
0.203240
0.242299
1.375066
1.415690
1.437733
1.450068
1.402779
1.462685
1.488512
1.311298
0.397917
0.365620
0.330320
0.332783
0.307581
0.284828
0.216917
0.204634
0.265152
0.236035
0.238800
0.240666
0.259911
0.283759
0.310818
1.517690
1.347785
0.219461
0.201274
1.352309
1.374265
1.404601
1.446190
1.479833
1.542250
1.523705
1.471865
1.412105
1.287468
1.357435
1.383048
1.413579
1.375864
1.440426
1.402789
0.191110
0.218516
0.246626
0.178961
0.139161
0.191449
0.218842
0.166365
0.304579
0.231342
0.151627
0.169973
0.164829
0.183975
0.197680
0.117383
0.168905
1.248051
0.728763
0.786927
0.714491
0.688436
1.036943
1.005614
1.066556
1.081761
1.092111
1.070827
1.048622
1.023524
0.431685
0.474601
0.486874
0.463598
0.365229
0.341526
0.304351
1.449394
1.502752
1.471648
0.314676
0.487209
0.444790
0.488388
0.516973
0.556777
0.600271
0.616478
0.649473
0.624500
0.597507
0.583549
0.551048
0.522469
0.484844
0.693074
0.715953
0.641468
0.555388
0.606950
0.615532
0.712121
0.725331
0.772938
0.797785
0.741000
0.764303
0.749708
0.285807
0.261180
0.277872
0.293300
0.259888
0.095570
1.168168
1.205245
1.346698
1.382033
1.475073
1.381975
1.371472
1.386387
1.398584
1.409124
1.404119
1.463519
1.477105
1.507099
0.885526
0.920746
0.929801
0.947672
0.969652
0.316621
0.360314
1.159724
1.194469
1.426402
1.466376
1.454427
1.487083
1.524168
1.492691
0.894934
0.904141
0.871580
0.838022
0.810604
0.830988
0.853736
0.847015
0.877145
0.909498
0.875030
0.855470
0.295173
0.408409
0.139264
0.132320
0.104328
0.075785
0.106235
1.020873
0.971793
0.966623
0.998408
0.981399
1.010696
0.991920
0.845709
0.874080
0.873825
0.904369
0.889560
0.910158
0.893845
0.905600
0.922696
0.912478
0.937312
0.940431
0.966085
0.998806
1.025363
1.023673
1.054739
1.042359
0.966369
0.986608
0.951926
0.920547
0.933262
0.951878
0.921166
0.931132
0.908316
0.891344
0.869246
0.928929
0.898240
0.932094
0.818857
0.891460
0.926110
0.970390
0.907692
0.956764
0.937092
0.976330
0.976737
0.613430
0.158582
0.163700
0.138601
0.157770
0.129007
0.183424
0.181921
1.130049
1.531391
1.543713
1.559524
1.571205
1.561352
1.536171
1.516931
1.535482
1.532862
1.647688
1.628407
1.485373
0.279386
0.268606
0.324347
0.867479
0.701116
0.665220
0.685951
0.663130
0.304525
0.286463
0.413682
0.417419
0.421254
0.468789
0.543264
0.565486
0.549389
0.530586
0.511323
0.490057
0.464930
0.440265
0.449727
0.488452
0.508738
0.536813
0.381802
0.379820
0.401674
0.463675
0.433500
0.488316
0.521269
0.543000
0.573619
0.390828
0.511966
0.515280
0.552603
0.557077
0.585505
0.587008
0.524296
0.591492
0.527774
1.514151
1.561671
1.457686
1.500606
1.536269
1.569859
1.494834
1.611591
0.862658
0.853418
0.873456
0.861779
0.830187
0.854497
0.827914
0.846004
0.840919
0.822024
0.830113
0.443758
0.474032
0.475912
0.521753
0.498219
0.568430
0.639183
1.087119
1.164116
1.129869
1.409214
1.228402
1.284139
1.351561
1.359086
1.347543
1.226442
1.255641
1.270966
1.323964
1.244407
1.254149
1.224039
1.230783
1.304606
1.307352
1.305591
1.309561
1.336517
1.326363
1.315095
1.313504
1.251848
1.226677
1.275217
1.267049
1.330662
1.236913
1.061201
1.092547
1.084400
1.077607
1.060292
1.106402
1.110728
1.549634
0.241584
0.275802
1.533376
1.527567
0.900868
0.248007
0.297945
0.317997
0.158430
1.453935
1.495340
1.526068
1.559434
1.611920
1.596130
1.538627
1.521256
0.985215
1.014559
0.982096
0.347526
0.395081
0.279776
0.283491
0.298142
0.314403
0.355918
0.306745
0.332617
0.353747
0.374402
0.395568
0.353373
0.405224
0.406291
0.360574
0.370478
0.332110
0.383928
0.388494
0.191752
0.184226
0.192915
0.629824
0.608775
0.648479
0.654523
1.428792
1.433190
1.428571
1.410731
1.395427
1.403526
1.374504
1.364117
1.354731
1.366877
1.352468
1.346552
1.357100
1.367614
1.395878
1.406771
1.424214
1.454678
1.435877
1.494377
1.538965
1.470165
1.424954
0.677715
0.261390
0.332541
0.350995
0.364278
0.380411
0.307103
0.216392
1.306030
1.146966
1.129468
1.109638
0.658214
0.780213
0.743279
0.168428
0.158211
0.127774
0.136709
0.158413
0.181206
0.203079
0.150870
0.164803
0.188263
0.229701
0.219178
0.997352
1.000917
0.999323
0.996368
1.001666
0.968440
0.965880
1.337604
1.310475
1.294503
1.334773
1.376069
1.369627
1.382485
1.396363
1.416203
1.401471
1.365715
1.401721
1.403756
1.421783
1.159520
0.177394
0.181590
1.146223
0.722954
0.727943
0.764745
0.764191
0.801529
0.829715
0.843472
0.879793
0.856665
0.852070
0.833680
0.817112
0.783390
0.798265
0.732163
0.758063
0.690722
0.555057
1.322330
1.328026
1.358993
1.234854
1.210299
1.284792
1.243994
1.260530
1.210843
1.309891
1.283786
1.358692
0.440924
1.290162
1.295079
1.267095
1.229858
1.251447
1.436935
1.427749
1.463930
1.420366
1.453418
1.439383
1.413878
1.451175
1.461007
1.389123
1.424059
1.439899
1.395428
1.381314
0.996758
1.015564
1.038798
1.011907
0.229986
0.238394
0.336812
0.309900
0.340962
1.237960
1.262038
0.596994
0.563338
0.608986
0.316712
0.587786
0.778100
0.791538
0.814827
0.872647
0.872538
1.496413
1.522835
1.549307
1.533189
1.518090
1.486716
1.463229
1.471450
1.438793
1.487997
1.432121
1.390984
1.465877
1.451264
1.468909
1.491819
1.497719
1.490523
1.496534
1.436622
1.402523
1.418711
1.420195
1.438247
1.407284
1.453638
1.466505
1.534675
1.485914
1.491095
1.453595
1.458450
1.446724
1.431665
1.405132
1.386235
0.897158
0.878655
0.843480
0.876030
0.902215
0.883832
0.600272
0.573854
1.665255
1.698211
1.712747
1.688963
1.649562
1.598719
1.588881
1.601015
1.569342
1.559532
1.567766
1.598189
1.594812
1.658131
1.644464
1.623777
1.617660
1.629972
1.611717
0.430899
0.535856
1.408146
1.245113
1.280093
1.283246
0.337082
0.361954
0.344667
1.657973
1.680396
1.688482
1.631679
0.276755
1.447335
1.064921
0.465228
0.497919
0.317719
0.293778
0.303587
0.265568
0.314177
0.349220
0.344406
0.198680
1.684965
0.578934
0.568830
0.646826
0.657602
0.760516
0.732777
0.690354
0.674690
0.427679
0.442854
0.455583
0.511218
0.534520
0.540065
0.580193
0.610497
0.648953
0.625820
0.604291
0.554956
0.509196
0.481963
0.492052
0.466639
0.474100
0.507330
0.477167
0.522470
0.584618
0.443616
0.236506
1.284820
1.253400
1.209031
1.225958
1.234464
1.257656
1.280726
1.305518
1.334558
1.316404
1.288226
1.233676
1.203621
1.166945
1.144329
1.091520
1.048605
0.938790
0.934682
0.965397
0.988410
1.008716
1.016453
1.042119
1.081098
1.097134
1.112603
1.133057
1.017306
1.040010
1.054820
0.965805
1.222381
1.188007
1.137384
1.108752
1.306865
1.278133
1.253154
1.270032
1.204435
1.232092
1.192836
1.133579
1.121577
1.029306
1.185805
1.182055
1.168384
1.144271
1.260581
1.098373
0.341824
0.348520
1.678463
1.660920
1.642039
1.628173
1.485447
1.457528
1.481256
1.505980
1.525766
1.592583
1.567678
1.533524
1.485608
1.516550
1.534459
1.500184
1.528588
0.709156
0.261203
1.258532
0.338852
0.328724
0.261792
0.302002
0.819820
1.688251
1.656230
0.935387
0.958414
1.287028
1.330642
1.356017
1.512329
1.438387
1.426714
1.405975
1.389931
1.143457
1.180792
1.181436
1.154847
1.169379
1.131581
1.057993
1.047146
1.011385
1.009957
0.983540
0.960335
0.945315
0.973994
0.937147
0.985486
0.996104
1.082268
1.050239
1.034090
1.005986
0.974347
0.960979
0.927599
0.969015
0.980709
1.049678
1.087124
1.099303
1.063324
1.045593
1.007719
0.989520
1.026489
1.023210
1.000777
1.156317
1.147830
1.111726
1.115663
1.169038
1.187589
1.172921
1.134384
1.076698
1.073896
1.142831
1.021548
0.352409
1.672017
0.508044
0.533386
0.588828
0.612350
0.721058
0.690883
0.704898
0.637088
0.605644
1.683954
1.244011
1.217598
1.235149
0.851455
1.092336
0.358757
0.360664
1.432265
1.477506
1.162740
1.105451
1.126924
1.084061
1.124909
1.103142
1.070667
1.158232
1.121294
0.374471
0.410344
0.492194
0.475339
1.239805
1.263819
1.268766
1.341351
1.174817
1.152839
1.148204
1.162527
0.512473
1.557829
1.100733
1.093393
1.060953
1.498558
1.630661
1.065138
1.079863
0.569603
0.600098
0.586976
1.646370
0.842024
0.810457
0.816996
0.432248
0.456237
0.485257
0.457773
0.424423
0.459842
1.322026
1.568612
1.232523
0.386625
0.367110
0.355985
1.318776
1.351024
1.311525
1.566902
1.520670
1.536306
1.088036
1.086164
1.021235
1.076265
1.063362
1.087338
1.142742
1.109081
1.177051
1.208866
1.254836
1.238600
1.207227
1.177435
1.226848
1.202213
1.286200
1.252350
1.296981
1.272780
1.280312
1.301088
1.303439
1.371253
1.130921
1.103374
1.121456
1.100088
1.117070
1.136465
1.118736
1.470699
1.487678
1.240773
1.212512
0.647917
1.498083
1.522023
1.496401
1.515801
1.540687
1.332595
1.264646
0.643882
0.630848
0.599412
0.593942
0.491437
0.537559
0.437293
0.464084
0.491104
1.482553
0.990150
0.943222
0.938700
0.967146
1.015294
0.975153
0.975254
1.004446
1.050250
0.903225
0.513490
1.046285
0.980039
0.980441
1.299228
0.932831
0.712523
0.762880
0.689919
0.694567
0.703192
0.729146
0.733745
0.670310
0.649087
0.683494
0.749418
0.714450
0.748154
0.742234
0.703543
0.723950
0.697089
0.750785
0.750883
0.741040
0.747921
0.717573
0.763175
0.706237
0.387088
1.451339
1.433312
1.415242
0.893458
0.877499
0.849934
0.842708
0.813073
0.786075
0.869384
0.518123
1.313280
1.317560
0.565826
0.584916
0.615655
0.590068
0.552063
0.541097
0.579390
0.614355
0.548802
0.524678
0.541491
0.504804
0.525900
0.551580
0.488514
0.517467
0.396911
0.420305
0.392847
0.414335
0.366384
0.469293
0.497590
0.503277
0.476120
0.532991
0.533683
0.555561
0.534846
0.442876
0.403293
0.454451
0.451559
1.344769
1.382952
1.532161
1.505594
1.478332
1.441173
1.445031
1.473168
1.546074
1.143541
0.797327
0.777768
0.806588
0.782247
0.767498
0.776786
1.476868
1.469918
1.448321
0.628716
0.659415
0.685631
0.641962
0.674651
0.707252
0.680299
1.388029
1.339684
1.392210
1.358384
1.380828
1.400867
1.369471
1.343655
1.361925
1.351104
1.357084
0.631406
0.512200
0.556981
0.582093
0.586946
0.564170
0.550154
0.596163
0.575918
0.620802
0.616432
0.529194
0.557597
0.511507
0.597738
0.488269
0.604619
1.244939
1.214916
1.239141
1.243821
1.267461
0.911352
0.882599
0.845138
0.893507
0.925218
0.962625
0.951223
0.884249
0.908543
0.653197
0.879188
1.549902
1.514609
1.572233
1.520856
1.490006
1.466139
1.483549
1.539504
1.478606
1.400690
1.426299
1.425283
1.383931
1.358836
1.365674
1.394248
1.426295
1.383102
1.385166
1.449203
1.025618
1.033435
0.978919
0.886060
0.865218
0.929890
0.918948
0.909749
0.889952
0.859931
0.944745
0.892872
0.860056
0.839454
0.845450
0.821194
1.295680
1.010087
1.034145
1.014363
1.019231
0.945782
1.506127
1.484074
1.452377
1.006561
0.933870
0.885212
0.866022
0.872712
0.899538
0.650409
0.684761
0.709164
0.726010
0.743380
0.753735
0.758749
0.729299
0.698920
0.625177
0.647215
0.702007
0.697910
0.706933
0.672722
0.666722
0.744084
1.207140
1.236366
1.278409
1.275381
1.303017
1.276230
1.218993
1.243560
1.248003
1.276923
1.247885
1.188617
1.177159
1.164949
1.131845
1.121662
1.108995
1.146213
1.159726
1.185524
1.145781
1.260873
1.217936
1.231673
1.264287
1.311932
1.330738
1.334502
1.141309
1.169718
1.199128
1.195322
1.111058
1.054157
1.061355
1.302309
1.310002
0.935919
1.223985
1.199573
1.173244
1.152837
1.151488
1.221444
1.190329
1.174073
1.250569
1.227913
1.228361
0.761768
0.769756
0.503553
1.039968
1.071201
1.071501
0.679810
0.690970
0.713221
0.716178
0.680181
0.794219
1.155854
1.390109
1.047564
1.071139
1.000707
0.979129
0.959514
0.962663
0.938635
0.798672
0.641395
0.660739
0.693927
1.018705
1.029421
0.943957
0.908473
0.915012
0.879575
0.933714
0.889439
0.897121
0.930986
0.923907
0.819547
0.829480
0.741617
1.393500
1.392734
1.359478
1.328434
1.279267
1.267951
1.223907
1.339888
1.307531
1.512369
1.124200
0.804538
0.818058
0.841547
0.775666
0.770864
0.815366
0.838670
0.757500
0.725069
0.757670
0.786843
0.794095
0.800240
0.771457
0.824919
0.816757
0.761775
0.789425
0.778807
0.807293
1.380874
1.330019
1.352745
1.362746
1.141439
0.958955
0.951830
0.855549
0.848759
0.930971
0.874016
0.794813
1.320710
1.286977
1.284395
1.252379
1.223640
1.243374
1.215019
1.308341
1.328163
1.304246
1.301273
1.271059
1.275820
1.280219
1.291093
1.273461
1.179187
0.926036
0.945583
0.800066
0.773996
0.761683
0.785727
1.371805
0.911126
0.837852
0.814644
0.869203
0.870951
0.864420
0.839032
0.627206
0.640974
0.673174
1.456081
1.413284
1.477606
1.417619
0.882800
0.994224
1.435214
1.297727
1.289769
1.288868
1.263918
1.272983
1.291779
1.049496
1.251562
1.250489
1.213732
1.202810
1.170990
1.185499
1.357659
1.071191
1.059133
1.065250
1.076505
1.106483
1.091796
0.999827
1.014963
1.031531
0.999182
1.040285
1.267950
1.270506
1.249232
1.215272
1.186255
1.156620
1.169442
1.206958
1.249607
1.289198
1.233609
1.254613
1.233944
1.279009
1.323566
1.340051
1.244044
1.096820
1.441562
1.458111
0.679086
0.658398
0.637673
0.654485
1.355278
1.336083
1.359139
1.183577
1.155982
1.395485
1.325646
1.353409
1.030321
1.086942
1.060809
1.113816
0.867795
0.871186
1.363101
1.343427
1.318298
1.298797
0.935069
0.940297
0.968056
0.726002
1.195955
1.300676
1.229237
1.036415
1.078633
1.095148
1.096031
1.130303
1.169886
1.204214
1.234369
1.189345
1.141536
1.132349
1.123834
1.114460
1.156602
1.046874
1.072626
1.080820
1.104345
1.133816
1.139813
1.136313
1.125548
1.098332
1.176575
1.178070
1.158080
1.142265
1.106372
1.155649
1.214944
1.254763
1.087978
1.059557
1.085059
1.059473
1.061310
1.055798
0.629793
1.306918
0.883809
0.912918
0.925995
0.941048
0.957927
0.963865
1.218512
0.975258
0.997002
1.003036
1.017651
1.056314
1.036428
0.917753
0.905680
0.952491
1.108461
1.033068
1.284476
1.621033
1.433339
1.417814
1.456834
1.429222
1.380002
1.403776
1.377400
1.411842
1.394883
1.438302
