81.937114	0.0002852030	0.527789	0.0010000000	0.285203
67.2464050000	0.0007224810	0.5246300000	75.0000000000
142.8922430000	0.0001672605	0.9209900000	175.0000000000
106.7462790000	0.0003079267	0.7924470000	125.0000000000
125.2258860000	0.0002225386	0.8080550000	150.0000000000
115.7188210000	0.0002584011	0.8709620000	137.0000000000
111.2546400000	0.0002815299	0.8355180000	131.0000000000
109.0068320000	0.0002929862	0.8304400000	128.0000000000
109.7569520000	0.0002887282	0.7366980000	129.0000000000
81.937114	0.0002852030	0.527789	0.0001000000	2.852030
