21.215984	0.0000000000	0.000000	0.0100000000	0.000000	31.000000	86.699296
21.215984	0.0000000000	0.000000	0.0100000000	0.000000
79.777780	0.0003470645	0.458100	0.0010000000	0.347064	224.000000	992.373355
56.3521370000	0.0009963507	0.4744520000	62.0000000000
133.8043470000	0.0001945990	0.8508670000	162.0000000000
96.8136040000	0.0003687733	0.6492920000	112.0000000000
115.7188210000	0.0002584011	0.7615760000	137.0000000000
105.9906850000	0.0003120321	0.7394830000	124.0000000000
101.4248380000	0.0003389054	0.7027240000	118.0000000000
99.1234480000	0.0003538146	0.6972810000	115.0000000000
99.8920310000	0.0003478989	0.6904510000	116.0000000000
0.000000	0.0000000000	0.000000	0.0001000000	0.000000	1662.000000	15515.566423
