0.593408
0.608397
0.578472
0.551560
0.562536
0.536122
0.554001
0.534243
0.559390
0.537318
0.567649
0.536263
0.526936
0.477928
0.445316
0.420831
0.329437
0.353032
0.360686
0.396653
0.451951
0.482712
0.491004
0.521397
0.624587
0.616320
0.601829
0.591338
0.584696
0.558516
0.534390
0.517862
0.495947
0.488177
0.433630
0.375706
0.319910
0.273630
0.271812
0.250049
0.212670
0.186119
0.212444
0.265833
0.267206
0.287359
0.262093
0.297983
0.254240
0.228754
0.208191
0.240214
0.243455
0.227711
0.239729
0.642411
0.618629
0.589729
0.579435
0.522704
0.492220
0.470203
0.447587
0.418736
0.384242
0.337486
0.327335
0.276857
0.260733
0.243586
0.221794
0.231299
0.157053
0.140339
0.108471
0.135503
0.198397
0.201198
0.200839
0.188087
0.210806
0.224545
0.206167
0.261938
0.250138
0.316963
0.346327
0.337783
0.363721
0.347708
0.372142
0.376109
0.408953
0.371304
0.395848
0.331855
0.301995
0.262285
0.253483
0.237861
0.247887
0.237363
0.259470
0.283575
0.303264
0.289563
0.300005
0.331074
0.370600
0.339165
0.280837
0.262532
0.244459
0.223622
0.214634
0.179154
0.203905
0.218386
0.200782
0.288826
0.315036
0.378156
0.363743
0.281584
0.295540
0.317070
0.322731
0.320575
0.344718
0.357108
0.328357
0.349863
0.329520
0.316267
0.356894
0.328320
0.375426
0.355284
0.361525
0.336404
0.336304
0.270027
0.262243
0.227041
0.218094
0.253855
0.253478
0.300095
0.330600
0.304305
0.299726
0.274330
0.398896
0.243952
0.182426
0.145819
0.224022
0.219965
0.198895
0.224735
0.191659
0.203698
0.190213
0.157540
0.144855
0.123192
0.156688
0.159043
0.174615
0.189132
0.193548
0.223547
0.247362
0.251444
0.294433
0.333046
0.316360
0.293867
0.217325
0.220551
0.168044
0.169387
0.183262
0.620003
0.656111
0.631383
0.607614
0.581930
0.548564
0.616034
0.617317
0.565638
0.624183
0.583013
0.554609
0.548296
0.550451
0.548861
0.552056
0.578924
0.581522
0.649954
0.598817
0.572672
0.583604
0.606185
0.644351
0.568879
0.639000
0.620736
0.585749
0.598982
0.536231
0.497350
0.504292
0.467818
0.532667
0.517832
0.416537
0.395051
0.299832
0.272946
0.243376
0.244123
0.363542
0.383280
0.413645
0.444974
0.477884
0.483212
0.514745
0.519362
0.490640
0.445121
0.414851
0.363648
0.397319
0.445191
0.498384
0.535011
0.422309
0.468588
0.475179
0.510203
0.536987
0.602549
0.558857
0.521276
0.512748
0.461996
0.440373
0.439526
0.423923
0.476812
0.455524
0.563545
0.509938
0.489335
0.423615
0.470705
0.481121
0.518621
0.513537
0.496240
0.503955
0.525179
0.553264
0.506249
0.479333
0.439279
0.449818
0.385719
0.414500
0.323862
0.351303
0.357631
0.342774
0.305482
0.329693
0.273801
0.276898
0.277145
0.329766
0.289861
0.269573
0.235976
0.252859
0.411528
0.385970
0.405400
0.375358
0.362148
0.429195
0.372149
0.329891
0.322680
0.412835
0.406129
0.392144
0.482955
0.409966
0.399319
0.453968
0.414443
0.501303
0.472090
0.457719
0.465985
0.349200
0.294980
0.464195
0.432619
0.435941
0.433124
0.375839
0.347653
0.357742
0.402932
0.387067
0.448891
0.416918
0.382916
0.332121
0.363076
0.308764
0.268445
0.249378
0.246483
0.226365
0.190920
0.189409
0.444508
0.395589
0.317420
0.303050
0.298269
0.355957
0.346279
0.372443
0.304426
0.333163
0.391182
0.340003
0.882619
0.803598
0.783604
0.758179
0.756448
0.736709
0.738533
0.767915
0.765486
0.790824
0.777339
0.832121
0.869452
0.888118
0.940497
0.931374
0.980421
0.974125
1.004987
1.051176
1.082065
1.108525
1.125465
1.101221
1.153245
1.171630
1.164269
1.163728
1.203856
1.251451
1.274119
1.348904
1.359399
1.390289
1.385716
1.369110
1.416646
1.432099
1.417352
1.395515
1.391937
1.334320
1.258327
1.223957
1.234879
1.194898
1.170908
1.195179
1.219070
1.221189
1.211002
1.184133
1.218285
1.135845
1.159541
1.186785
1.158248
1.133920
1.131301
1.097680
1.065663
1.031779
1.028011
0.983697
0.965267
0.956402
0.898580
0.860087
0.864593
0.886766
0.886261
0.858947
0.889978
0.852504
0.817925
0.787726
0.788307
0.756897
0.764161
0.809106
0.781459
0.776923
0.768168
0.929383
0.995228
1.121724
1.082129
1.066590
1.058221
1.017563
0.981917
0.952110
0.890677
0.818125
0.828903
0.794614
0.819707
0.853157
0.862404
0.833831
0.802997
0.831567
0.839405
0.875486
0.901313
0.915617
0.806676
0.864656
0.922391
1.010983
1.161086
1.071526
1.082042
1.052439
1.056266
1.025534
0.998697
1.045013
1.008226
0.998256
0.968128
0.933277
0.940048
0.907040
0.902107
0.880089
0.883370
0.849707
0.863003
0.890720
0.913866
0.942429
0.905001
0.875978
0.859970
0.851246
0.821106
0.799144
0.816879
0.826783
0.836607
0.904366
0.874790
0.860042
0.835089
0.817793
0.818140
0.842322
0.847481
0.800513
0.871632
0.844181
0.883580
0.832147
0.860713
0.922940
0.839999
0.884807
0.898310
0.958798
0.982038
1.012805
1.002059
1.042212
1.116429
1.113331
1.064990
1.035131
1.052024
1.088871
1.043242
1.067952
1.151266
1.124965
1.152717
1.173346
1.143646
1.105429
1.469427
1.505180
1.515355
1.540987
1.546430
1.505476
1.439342
1.476550
1.507123
1.504477
1.503626
1.504923
1.543638
1.564384
1.590346
1.598426
1.579857
1.611332
1.634895
1.675251
1.680912
1.666500
1.649639
1.639561
1.608765
1.601936
1.571427
1.583734
1.607867
1.588062
1.613676
1.642824
1.659055
1.488443
1.469556
1.445669
1.418404
1.395191
1.372392
1.563586
1.494481
1.518069
1.551117
1.582507
1.573587
1.427305
1.456474
1.449889
1.424962
1.458028
1.443131
1.451231
1.484830
1.421311
1.402596
1.403690
1.375752
1.353446
1.295405
1.268923
1.232522
1.211869
1.183397
1.164212
1.168779
1.152050
1.102776
1.075873
1.120000
1.097568
1.059532
1.073320
1.042651
1.067357
1.043558
1.059553
1.070346
1.071260
1.098467
1.072050
1.097375
1.150027
1.179821
1.190723
1.215613
1.234910
1.246114
1.220727
1.184228
1.159914
1.143846
1.072244
1.016996
0.999596
0.978249
0.952524
0.965022
0.990616
0.997854
1.014967
0.998417
0.986709
0.932423
0.929503
0.901655
0.872571
0.835061
0.815111
0.845959
0.852543
0.813227
0.842252
0.826891
0.831779
0.800524
0.784583
0.821314
0.832305
0.797791
0.802851
0.877163
0.876474
0.901438
0.882121
0.882962
0.859518
0.904921
0.880655
0.873915
0.869909
0.875498
0.896891
0.911085
0.871292
0.904512
0.953052
0.987198
0.961030
0.932961
0.974564
0.996137
0.923994
0.830876
0.846009
0.850576
0.860136
0.972627
0.941798
0.921404
0.914083
0.953422
0.941469
0.930243
0.915667
1.002435
1.030747
1.051491
1.057993
1.060083
1.082238
1.093267
1.094366
1.077507
1.103850
0.961362
0.892902
0.892365
0.952823
0.953098
0.909299
0.888963
0.896821
0.899714
0.938678
0.955963
0.968381
0.974225
0.957187
0.930202
0.898884
0.913649
0.859285
0.824279
0.799484
0.765932
0.709102
0.686397
0.661400
0.680481
0.698873
0.791996
0.827590
0.819372
0.847083
0.871352
0.847177
0.816494
0.814002
0.788302
0.805476
0.837387
0.818266
0.759240
0.787049
0.737663
0.726231
0.753028
0.704241
0.739562
0.746224
0.796969
0.770586
0.750061
0.663832
0.619668
0.594927
0.587975
0.623842
0.592314
0.603263
0.607673
0.647470
0.673735
0.697043
0.766739
0.765732
0.719818
0.745120
0.737914
0.724065
0.703549
0.704043
0.655534
0.651172
0.651791
0.670981
0.700662
0.685528
0.709669
0.814909
0.771548
0.720069
0.686107
0.693027
0.713166
0.743641
0.744631
0.765065
0.698461
0.672661
0.643428
0.659833
0.618924
0.638922
0.642108
0.671245
0.683825
0.695369
0.670729
0.723601
0.642099
0.624608
0.676866
0.695532
0.723205
0.760948
0.794081
0.819721
0.882507
0.910319
0.940201
0.895193
0.919352
0.919478
0.918865
0.908999
0.955161
0.933368
0.920782
0.924875
0.938536
0.945015
0.942677
0.941935
0.862744
0.897727
0.862737
0.859232
0.847152
0.822590
0.830690
0.794008
0.750800
0.728296
0.755375
0.756957
0.786365
0.774066
0.805738
0.902167
0.909310
0.981196
0.945338
0.990968
0.989350
0.974958
0.916708
0.873283
0.839761
0.814328
0.816902
0.855749
0.848769
0.879670
0.886198
0.913066
0.870960
0.887364
0.853403
0.873147
0.836865
0.868291
0.802689
0.792996
0.759174
0.719442
0.692252
0.641414
0.628514
0.605694
0.604673
0.565634
0.534103
0.505758
0.414124
0.408050
0.320036
0.334401
0.347104
0.374016
0.389829
0.428838
0.476046
0.493440
0.463062
0.538151
0.555327
0.573927
0.629228
0.646526
0.658048
0.686385
0.731194
0.745482
0.729947
0.719652
0.679023
0.622350
0.647037
0.619608
0.649160
0.667632
0.656259
0.667099
0.644595
0.634877
0.609256
0.566948
0.505448
0.392034
0.408722
0.420096
0.445813
0.476663
0.398231
0.437596
0.429644
0.470161
0.469594
0.496472
0.495801
0.523761
0.530046
0.512733
0.538028
0.673351
0.689606
0.696319
0.761895
0.786836
0.785549
0.808701
0.774175
0.742319
0.726768
0.692067
0.666780
0.752913
0.810790
0.846641
0.817001
0.805527
0.713648
0.702575
0.780788
0.787685
0.733496
0.749137
0.768436
0.767606
0.796313
0.771049
0.763070
0.793263
0.816097
0.838090
0.826737
0.807098
0.706555
0.746583
0.755887
0.773504
0.790435
0.790583
0.762238
0.759320
0.767709
0.738974
0.623925
0.585701
0.608783
0.575761
0.639069
0.613506
0.571991
0.539677
0.499862
0.463411
0.429074
0.409141
0.366168
0.354494
0.318983
0.602805
0.561382
0.542908
0.533355
0.567942
0.575525
0.608089
0.606143
0.623240
0.688584
0.725502
0.750625
0.798497
0.798268
0.784534
0.720815
0.688218
0.633685
0.605009
0.577502
0.589400
0.624679
0.666721
0.635409
0.674322
0.755752
0.720844
0.697951
0.679303
0.728504
0.656244
0.666311
0.700683
0.713305
0.783406
0.722946
0.760054
0.752959
0.767202
0.735149
0.718540
0.702532
0.632744
0.688146
0.669457
0.653307
0.671608
0.676096
0.733412
0.754031
0.597702
0.566439
0.570716
0.544976
0.491209
0.475442
0.480562
0.472685
0.465883
0.476812
0.458163
0.439490
0.442397
0.455556
0.448716
0.446597
0.461634
0.494393
0.484965
0.429024
0.428661
0.399180
0.382458
0.398870
0.414500
0.394146
0.419991
0.391078
0.437971
0.433749
0.423656
0.399696
0.384316
0.370534
0.455701
0.398378
0.517188
0.516607
0.553364
0.501578
0.533454
0.512530
0.533064
0.506950
0.491660
0.562198
0.560203
0.589482
0.639434
0.610867
0.626737
0.596540
0.571647
0.549107
0.533757
0.575668
0.482297
0.471263
0.444185
0.420603
0.418504
0.391016
0.368749
0.388434
0.348640
0.382338
0.347422
0.417618
0.400583
0.440645
0.474427
0.499133
0.536141
0.581091
0.581687
0.605131
0.521541
0.502409
0.517497
0.495454
0.469662
0.526402
0.536932
0.546147
0.581361
0.566731
0.494577
0.449478
0.355343
0.388703
0.374857
0.454996
0.439581
0.428298
0.470104
0.446498
0.512353
0.476896
0.508648
0.293896
0.289331
0.330424
0.276987
0.243872
0.307111
0.316885
0.302010
0.311854
0.281083
0.278804
0.322611
0.347015
0.374539
0.393269
0.423354
0.419417
0.452747
0.513919
0.538508
0.568074
0.595846
0.609800
0.684029
0.704064
0.732333
0.739880
0.763081
0.839727
0.862961
0.460250
0.502817
0.500684
0.474192
0.445050
0.466206
0.489867
0.450666
0.479090
0.456625
0.469889
0.433124
0.469839
0.432157
0.450871
0.525222
0.517966
0.524828
0.509829
0.505300
0.533755
0.544617
0.543399
0.578303
0.617927
0.632067
0.652787
0.679124
0.797442
0.740967
0.606755
0.605653
0.626022
0.584815
0.571610
0.567471
0.558379
0.523184
0.538113
0.588227
0.577358
0.539337
0.573297
0.550794
0.560224
0.546103
0.552398
0.540929
0.495165
0.548677
0.537391
0.585439
0.584197
0.567934
0.483606
0.507059
0.597702
0.672627
0.711861
0.684183
0.306841
0.327003
0.357673
0.361019
0.384905
0.405551
0.445855
0.416132
0.428744
0.440940
0.367302
0.334728
0.445660
0.476043
0.248265
0.223882
0.227485
0.237108
0.268072
0.284916
0.377721
0.457837
0.515988
0.354088
0.338984
0.302988
0.326533
0.329705
0.299046
0.402820
0.388899
0.414233
0.388909
0.334846
0.309973
0.337655
0.352277
0.361299
0.370868
0.359315
0.334699
0.429749
0.452211
0.282013
0.316847
0.265831
0.278880
0.257141
0.278830
0.248852
0.227724
0.209422
0.246122
0.702885
0.869969
0.870670
0.916922
0.911695
0.949422
0.973721
0.978725
0.999756
0.967961
0.933182
0.902798
0.905657
0.878807
0.959831
1.004208
1.016971
0.967684
0.949955
0.946453
0.927901
0.928975
0.985481
1.053253
1.076789
1.072870
1.075809
1.034315
1.025723
1.012888
1.045692
1.033840
1.063217
1.034310
1.082082
1.113203
1.174194
1.180476
1.179559
1.201922
1.203282
1.211024
1.232914
1.291644
1.340827
1.404912
1.382720
1.377086
1.355570
1.341702
1.306405
1.302243
1.278889
1.289794
1.324151
1.257272
1.366929
1.342522
1.392179
1.351923
1.359380
1.200666
1.199226
1.211087
1.241266
1.222394
1.240388
1.209417
1.221037
1.232535
1.207988
1.235541
1.191065
1.139037
1.117239
1.096048
1.132609
1.165353
1.176567
1.146128
1.117922
1.103526
1.143906
1.198552
1.195644
1.135260
1.125253
1.138269
1.162219
1.192445
1.188885
1.162341
1.157735
1.169994
1.198913
1.212244
1.173535
1.245551
1.050839
1.015744
1.017511
1.046400
1.121277
1.120218
1.080113
1.094497
1.059641
1.100922
1.121854
1.098908
1.131871
1.125130
1.104694
1.087878
1.072619
1.054101
1.026608
1.076107
1.086394
1.110147
1.084595
1.125282
1.004914
1.051937
0.914594
0.895109
0.857218
0.801638
0.779534
0.769834
0.791172
0.819474
0.838468
0.826890
0.838238
0.769787
0.745882
0.651331
0.653805
0.623056
0.579627
0.572807
0.550337
0.529517
0.507510
0.438717
0.420028
0.421763
0.405683
0.606625
0.615120
0.639828
0.627203
0.643180
0.650229
0.694653
0.709513
0.750370
0.762972
0.827628
0.806274
0.775695
0.783009
0.746808
0.753064
0.778123
0.809835
0.792960
0.848753
0.878577
0.858495
0.825239
0.839109
0.852708
0.814871
0.832521
0.817111
0.788744
0.741670
0.754356
0.731028
0.701977
0.709682
0.742446
0.666531
0.684361
0.659988
0.647306
0.681382
0.674176
0.689238
0.703701
0.725074
0.696714
0.727333
0.743819
0.740090
0.716004
0.739518
0.799723
0.638013
0.725901
0.704141
0.679652
0.661509
0.627887
0.634106
0.642605
0.666917
0.605590
0.567832
0.541796
0.491018
0.480076
0.461841
0.438184
0.619624
0.590387
0.681760
0.871832
0.839010
0.814900
0.829717
0.806247
0.803937
0.779867
0.805017
0.814197
0.823036
0.845281
0.825846
0.801750
0.839949
0.786951
0.737882
0.774186
0.913977
0.893042
0.893215
0.905936
0.887195
0.865895
0.871490
0.835585
0.855085
0.853356
0.833618
0.843048
0.858613
0.864461
0.878440
0.830017
0.897140
0.944109
0.905952
0.874878
0.894522
0.904657
0.869581
0.707047
0.648779
0.804687
0.773859
0.773034
0.868151
0.888409
0.954772
0.866730
0.935265
0.974101
0.951464
0.967938
0.982969
1.056098
1.033171
1.031418
1.001137
0.988547
0.993538
0.965241
0.927015
1.059008
1.003030
0.998527
0.932023
0.967494
0.926694
0.947234
0.902583
0.930948
0.937886
1.012872
1.026963
1.039799
1.033751
1.061608
1.090217
1.130303
1.164078
1.194147
1.124308
1.161674
1.088262
1.043907
1.057735
1.062485
1.115756
1.183708
0.979884
1.001131
1.016663
1.039805
1.066550
1.042788
1.032781
1.041789
1.042995
0.995620
1.250593
1.262962
1.333281
1.340974
1.353167
1.375373
1.394896
1.384713
1.339397
1.313421
1.273234
1.248340
1.168717
1.142032
1.105779
1.078137
1.084075
1.099681
1.121629
1.067815
1.074317
1.043472
1.018731
0.995338
1.017071
0.961099
1.028172
1.029435
1.018758
0.986969
0.970252
0.964632
0.943704
0.972303
0.997524
0.929995
0.998814
1.264484
1.259986
1.292338
1.309675
1.288924
1.275525
1.302335
1.326281
1.300876
1.314997
1.326369
1.357231
1.347063
1.319253
1.339380
1.322280
1.314021
1.329242
1.348698
1.333401
1.365845
1.404393
1.411811
1.382844
1.370188
1.375515
1.394548
1.430906
1.442332
1.462877
1.529243
1.540199
1.583701
1.570352
1.604265
1.544852
1.561410
1.558940
1.543742
1.506349
1.527292
1.556598
1.592052
1.568609
1.595394
1.569644
1.601085
1.644944
1.613284
1.618946
1.631520
1.636962
1.642844
1.621415
1.587135
1.565548
1.534895
1.535095
1.507242
1.477458
1.452483
1.447703
1.410014
1.425368
1.369791
1.349706
1.344098
1.355970
1.321447
1.339716
1.334174
1.317072
1.374141
1.376664
1.356339
1.396681
1.384757
1.414569
1.487305
1.511321
1.529280
1.533535
1.530400
1.507119
1.519234
1.496111
1.511508
1.460171
1.477435
1.499431
1.517609
1.489552
1.534837
1.502224
1.511301
1.469111
1.454460
1.460847
1.482443
1.454793
1.458779
1.485944
1.391072
1.595120
1.619743
1.607118
1.543999
1.464033
1.446316
1.469688
1.426618
1.388327
1.377655
1.356529
1.607419
1.622099
1.559401
1.518194
1.576028
1.542852
1.604387
1.599770
1.528387
1.567727
1.517855
1.520525
1.581279
1.578863
1.542116
1.513772
1.487643
1.459002
1.454348
1.393418
1.420158
1.498397
1.486035
1.456199
1.592196
1.627344
1.626062
1.580944
1.565078
1.541676
1.445296
1.409342
1.403098
1.393474
1.365732
1.384316
1.287739
1.307021
1.271948
1.223239
1.224401
1.201218
1.140925
1.129975
1.141074
1.104406
1.165192
1.157091
1.096947
1.064568
1.108199
1.129641
1.111446
1.079047
1.031646
0.993373
0.950376
0.921205
0.908480
0.896381
0.863943
0.877926
0.840944
0.861451
0.870873
0.812973
0.815963
0.843066
0.790216
0.807497
0.820823
0.794893
0.760615
0.763219
0.764467
0.735466
0.702451
0.669321
0.695948
0.663139
0.645204
0.669720
0.656374
0.679796
0.666651
0.686690
0.717431
0.711060
0.733940
0.717691
0.774710
0.801546
0.779657
0.757950
0.787679
0.788326
0.703081
0.746559
0.690119
0.717615
0.753973
0.785308
0.723266
0.799934
0.828447
0.841682
0.704477
0.663027
0.651804
0.624355
0.587080
0.589957
0.597418
0.629659
0.634302
0.633685
0.657412
0.619033
0.580275
0.641366
0.636762
0.694170
0.671872
0.543057
0.554766
0.485714
0.423727
0.374647
0.377889
0.342526
0.354709
0.401722
0.415144
0.421663
0.535166
0.568104
0.629010
0.732956
0.760750
0.791435
0.805487
0.740162
0.754189
0.774972
0.654568
0.642788
0.621873
0.644905
0.420945
0.440369
0.474244
0.496730
0.651886
0.643773
0.675139
0.675890
0.716456
0.735365
0.712293
0.750381
0.510300
0.577203
0.575149
0.588793
0.618459
0.698141
0.687632
0.656063
0.620645
0.588212
0.567659
0.580133
0.540892
0.615318
0.666145
0.617665
0.652303
0.615010
0.545185
0.534077
0.518851
0.491663
0.503904
0.714024
0.725642
0.512642
0.532437
0.556537
0.525957
0.560028
0.585424
0.537975
0.457824
0.498734
0.396210
0.568988
0.610002
0.591867
0.561858
0.535531
0.561267
0.593830
0.625316
0.694482
0.787267
0.815359
0.838837
0.804753
0.811620
0.877138
0.905194
0.932181
0.952019
1.006032
1.004310
1.049485
1.048633
0.981493
0.955196
0.993232
0.939669
0.905441
1.018952
1.037235
0.893099
0.832388
0.836031
0.832830
0.958542
1.045257
1.026718
1.159757
1.208643
1.224836
1.227003
1.257611
1.246909
1.288210
1.309774
1.215677
1.628470
1.645701
1.591801
1.622109
1.541618
1.576000
1.507973
1.485719
1.470403
1.432672
1.642386
1.636672
1.673420
1.678798
1.676159
1.669978
1.707044
1.697809
1.732484
1.705439
1.714258
1.680902
1.684849
1.656006
1.596224
1.596754
1.536906
1.536627
1.570717
1.626479
1.635393
1.656560
1.647769
1.690426
1.660779
1.651400
1.656928
1.679962
1.665867
1.652452
1.630096
1.614297
1.609797
1.594990
1.616194
1.584806
1.628036
1.701317
1.698281
1.722031
1.718952
1.711268
1.680530
1.692251
1.698498
1.676125
1.704924
1.715506
1.717744
1.686385
1.675322
1.645764
1.675311
1.679512
1.684928
1.709774
1.703648
1.706522
1.714440
1.666517
1.719912
1.667022
1.635054
1.606849
1.622225
1.649563
1.675996
1.667767
1.644030
1.686947
1.713563
1.711723
1.707256
1.567065
1.548259
1.539760
1.547617
1.608124
1.570175
1.550321
1.511372
1.529504
1.560421
1.568617
1.557200
1.511369
1.521045
1.496636
1.449529
1.476332
1.441977
1.467490
1.447608
1.431992
1.414533
1.374469
1.350285
1.316512
1.289131
1.242504
1.209140
1.146535
1.125327
1.112384
1.082388
1.243917
1.214418
1.161855
1.134945
1.110338
1.211697
1.170678
1.086042
1.100418
1.073622
1.251171
1.193197
1.340343
1.388509
1.446167
1.483675
1.480328
1.474074
1.587827
1.655457
1.636043
1.668459
1.694361
1.669802
1.688418
1.614007
1.621322
1.640464
1.609850
1.644476
1.696784
1.597009
1.608196
1.577326
1.562857
1.585706
1.572408
1.545857
1.596668
1.618605
1.604948
1.620100
1.583136
1.638790
1.643619
1.649872
1.683263
1.636348
1.611176
1.584680
1.585941
1.486396
1.480223
1.453067
1.464946
1.424863
1.493713
1.515107
1.537399
1.559911
1.577122
1.546967
1.521509
1.451996
1.438673
1.424121
1.513991
1.516302
1.544423
1.621138
1.601977
1.665769
1.575529
1.500832
1.506113
1.559898
1.647654
1.618359
1.599065
1.543362
1.640928
1.723675
1.671687
1.651886
1.650514
1.620721
1.668381
1.569495
1.560948
1.557483
1.586646
1.665664
1.592310
1.623956
1.610264
1.597839
1.578414
1.539593
1.500379
1.448949
1.430767
1.422215
1.380677
1.612576
1.583970
1.569165
1.551999
1.562309
1.609326
1.582798
1.584259
1.635437
1.609748
1.499018
1.474602
1.476164
1.426681
1.553325
1.514890
1.504346
1.432994
1.375739
1.359421
1.332301
1.419973
1.402055
1.421486
1.446533
1.431041
1.407955
1.379713
1.374068
1.356069
1.419854
1.463605
1.492631
1.515618
1.482330
1.455492
1.435448
1.395647
1.489014
1.399542
1.313660
1.289146
1.290760
1.268437
1.201079
1.154268
1.175757
1.210881
1.202543
1.193050
1.153334
1.158647
1.134905
1.054907
1.038957
1.080657
1.083159
1.109327
1.107798
1.163366
1.207926
1.202642
1.215700
1.247227
1.185671
1.177524
1.166285
1.346557
1.320732
1.339067
1.361955
1.379776
1.405101
1.373024
1.402645
1.381939
1.358820
1.362558
1.365806
1.339795
1.318475
1.333749
1.257556
1.231794
1.223148
1.210616
1.211926
1.299582
1.295575
1.283630
1.260170
1.277061
1.192950
1.185980
1.290305
1.375814
1.290562
1.259757
1.220219
1.320618
1.348558
1.336176
1.429338
1.363133
1.369619
1.402292
1.404612
1.365567
1.374260
1.398055
1.403404
1.402097
1.394821
1.375771
1.343590
1.344170
1.313704
1.336710
1.344532
1.356294
1.393413
1.310389
1.416509
1.354033
1.379087
1.343949
1.332713
1.301401
1.257570
1.220439
1.187447
1.159123
1.148962
1.122810
1.107282
1.079932
1.099072
1.036838
1.004799
0.979318
0.964716
0.951926
0.974992
0.950568
0.980570
0.979610
0.998091
1.013456
0.983642
1.023380
0.995182
1.027520
1.052119
1.071690
1.090100
1.030597
1.071091
1.006664
1.034611
0.994191
1.045846
1.095069
1.161620
1.179530
1.159779
1.149374
1.204676
1.242139
1.265429
1.256285
1.284350
1.031168
1.101157
1.131068
1.128923
1.147069
1.071667
1.130417
1.124310
1.325346
1.330281
1.345739
1.299205
1.304120
1.281654
1.276494
1.304895
1.290287
1.269686
1.244439
1.217392
1.210072
1.185031
1.106586
1.151073
1.150379
1.149067
1.129594
1.121832
1.087136
1.134095
1.159910
1.190256
1.230889
1.258142
1.197281
1.186541
1.245170
1.164418
1.183627
1.213888
1.221327
1.247206
1.277371
1.185397
1.256510
1.281781
1.297930
1.276816
1.306344
1.263867
1.227313
1.209858
1.235297
1.290969
1.326319
1.328731
1.333445
1.328935
1.279935
1.251536
1.204791
1.187336
1.170714
1.126874
1.238612
1.264235
1.292589
1.288552
1.271410
1.281761
1.283755
1.283275
1.298832
1.294006
1.271313
1.245686
1.256135
1.228248
1.229913
1.257440
1.276818
1.267756
1.204011
1.224386
1.228519
1.185573
1.199722
1.219416
1.230707
1.209807
1.202850
1.157083
1.196845
1.185998
1.181223
1.180976
1.141677
1.113765
1.124435
1.139339
1.161233
1.171988
1.283545
1.330425
1.356801
1.369675
1.367706
1.333737
1.355986
1.383142
1.323370
1.289120
1.321170
1.313188
1.298578
1.306542
1.324940
1.345790
1.329192
1.317473
1.349030
1.315437
1.322505
1.349118
1.383107
1.423366
1.426242
1.357363
1.389971
1.419457
1.533853
1.449328
1.443434
1.449470
0.824722
0.852408
0.796572
0.805081
0.766954
0.752915
0.842694
0.789827
0.771365
0.743683
0.731296
0.730739
0.922156
0.906400
0.932174
0.949936
0.908575
0.939332
0.953721
0.979726
0.973827
0.977632
0.976579
0.943443
0.958947
0.962949
0.988176
1.014660
1.051300
1.078163
1.080269
1.103597
1.136515
1.137197
1.144186
1.121573
1.107370
0.986298
1.018580
1.001377
1.028971
0.998962
0.969453
1.013472
0.916198
0.914599
0.941343
0.931476
0.944208
0.923391
0.905597
0.939143
1.008892
0.958971
0.922507
0.938481
0.969715
0.992271
0.923725
0.882120
0.919531
0.864974
0.956727
0.955133
0.996881
0.987645
0.989711
0.980968
0.957639
0.930134
0.899766
0.999258
1.011795
1.018096
1.033507
1.042788
1.062705
1.084730
0.988624
1.033636
1.014881
1.017783
0.327848
0.298013
0.373148
0.983830
0.958126
0.843171
0.994947
0.868656
0.556389
0.498060
0.528387
0.525914
0.487219
0.462528
0.428785
0.432397
0.434678
0.408973
0.385412
0.346425
0.368891
0.315800
0.299328
0.276156
0.244750
0.224642
0.213831
0.212867
0.239494
0.286168
0.307555
0.371957
0.363151
0.383100
0.396927
0.433978
0.462151
0.516074
0.497801
0.528328
0.536683
0.588207
0.577224
0.562697
0.542614
0.578672
0.601963
0.578267
0.230637
0.285238
0.314714
0.311979
0.289482
0.301920
0.282339
0.252848
0.312633
0.319659
0.331324
0.264249
0.265438
0.281012
0.238509
0.577262
0.547932
0.548594
0.521827
0.501541
0.468341
0.447694
0.420596
0.381423
0.346263
0.337272
0.369384
0.351600
0.323315
0.302690
0.265648
0.258983
0.527389
0.538297
0.537757
0.501927
0.470457
0.486859
0.461969
0.505763
0.499638
0.465574
0.427190
0.438346
0.448334
0.481983
0.496840
1.022903
1.070175
1.088845
1.014925
0.958896
0.940481
0.969894
0.966241
1.005210
0.568347
0.562177
0.584446
0.564509
0.533312
0.534027
0.540911
0.526093
0.483704
0.473164
0.457231
0.507732
0.534599
0.563756
0.540643
0.515049
0.590254
1.078704
0.939351
0.546810
0.544944
0.509430
1.105509
1.130208
1.134409
1.161437
1.145455
1.113260
1.105470
1.167311
1.136233
1.167875
1.112199
1.126213
1.123035
1.053172
1.063915
1.078483
1.063633
1.193436
1.184306
1.197739
1.196316
1.157862
1.186432
0.723433
0.735615
0.703622
0.715392
0.769944
0.764600
0.744405
0.676163
0.798966
0.759551
0.738484
0.791471
0.772484
0.785707
0.710238
0.374665
0.335094
0.303755
0.353286
0.499243
0.415857
0.446810
0.472079
0.469884
1.111180
1.086120
0.739949
0.717563
0.722061
0.697211
1.018735
1.039028
1.041374
1.089952
1.120612
1.007641
0.330509
0.305999
1.106225
1.086993
1.122784
1.131115
1.146804
0.304198
0.258420
0.272864
0.567051
0.555350
1.219082
1.242978
1.258601
1.271998
1.291608
1.327560
1.338236
1.351661
1.363007
1.369949
1.371575
1.402964
1.408398
1.368261
1.385442
1.339415
1.224289
1.304405
1.237642
1.203721
1.230799
1.221269
1.255569
1.281132
1.322324
1.338573
1.317501
1.316040
1.292181
1.266364
1.274513
1.243243
1.218640
1.180128
1.177475
1.190474
1.196634
1.166522
1.202126
1.147536
0.480644
0.480400
0.447064
0.432857
0.441415
0.402088
1.253732
1.269506
1.302651
1.287317
1.308918
1.309802
1.265106
0.618508
0.591877
0.572462
0.652552
0.621694
0.669581
0.644511
0.578588
0.602610
0.626857
0.633780
0.568926
0.605494
0.587704
0.622636
1.317334
1.330920
1.372538
1.363858
1.249308
1.261664
1.288697
1.276102
1.016796
0.959476
1.010473
1.023565
1.043148
1.050560
1.048248
1.007117
1.025681
0.991224
0.963002
0.937886
0.904180
0.928341
0.948554
0.948538
0.996268
0.942527
0.909234
0.958490
0.916139
0.968940
0.985285
0.991769
0.706074
0.699889
0.737018
0.278904
1.204467
1.216938
1.190724
1.196447
1.287359
1.259441
1.301536
1.355723
1.297733
1.329178
1.319590
1.329637
1.351693
1.311872
1.277229
1.000776
1.027103
1.032909
1.050410
1.059338
1.040559
1.019447
1.036837
1.105392
1.110893
1.132861
1.150631
1.162834
1.199062
1.213878
1.193837
1.156177
1.120834
1.189570
1.179605
1.110352
1.157156
1.126239
1.109637
1.069509
1.081126
1.094448
1.240529
1.211111
1.180850
1.164794
1.159454
1.133997
0.323799
0.301532
0.305711
0.293412
0.272689
0.226016
0.244729
0.235546
0.220461
0.278074
1.168853
1.189313
1.142809
1.074889
0.771637
0.774489
0.768296
0.754859
0.807127
0.801095
0.754013
0.779324
0.794638
0.807562
0.793704
0.765409
1.110277
1.085510
0.690863
0.396729
0.402510
0.376157
0.323475
0.410488
0.358362
0.366178
0.317084
0.342881
1.243323
1.250903
0.663131
0.624924
0.631887
0.651899
0.635270
0.616712
0.665098
0.658519
0.678707
1.246829
1.272388
1.288299
1.261273
1.230113
1.208210
1.250358
1.185123
1.180601
0.607731
0.613958
1.229526
1.257669
1.231382
1.216014
1.087459
1.062033
0.584882
0.560195
0.346465
0.243829
0.180416
0.203178
0.160455
0.091121
0.117092
0.099278
0.074524
0.109499
0.108988
0.120062
0.152391
0.155768
0.169438
0.175548
0.195164
0.188096
0.157030
0.216437
0.210187
0.192919
0.189356
0.141893
0.136610
0.100076
0.103906
0.108869
0.131417
0.162503
0.187026
0.214042
0.240154
0.297372
0.283072
0.321830
0.308234
0.275896
0.314684
0.282368
0.290986
0.276360
0.290364
0.249472
0.221966
0.217671
0.205527
0.212672
0.232894
0.248411
0.311837
0.336579
0.251595
0.258531
0.232508
0.224063
0.206651
0.214431
0.234233
0.251324
0.247937
0.257209
0.267189
0.171129
0.268792
0.318044
0.340140
0.366653
0.353969
0.385867
0.367340
0.435079
0.423844
0.422109
0.451414
0.399901
0.444419
0.502545
0.510413
0.463369
0.434435
0.401297
0.413205
0.392543
0.405758
0.397296
0.374890
0.351104
0.363416
0.336701
0.294863
0.258274
0.505120
0.477493
0.475351
0.433994
0.411837
0.480053
0.221179
0.224317
0.313995
0.329021
0.363251
0.386043
0.402012
0.433040
0.442774
0.464632
0.512705
0.524794
0.547471
0.564933
0.583066
0.574306
0.571216
0.600834
0.604867
0.635320
0.661878
0.704036
0.757178
0.748683
0.742360
0.744783
0.716100
0.700250
0.665771
0.639745
0.628545
0.667613
0.737599
0.718998
0.668478
0.693378
0.728033
0.718332
0.695391
0.665045
0.628791
0.556629
0.535494
0.488522
0.444906
0.410037
0.390010
0.378245
0.404675
0.493145
0.519495
0.535217
0.572127
0.601275
0.596783
0.413683
0.429817
0.460494
0.537073
0.434187
0.401858
0.421339
0.386973
0.636662
0.619092
0.597489
0.653186
0.675570
0.646440
0.671650
0.693039
0.696077
0.706236
0.725894
0.603315
0.168998
0.232791
0.261213
0.273445
0.292390
0.323449
0.289729
0.325921
0.341826
0.300995
0.249197
0.268238
0.162351
0.163068
0.189708
0.189756
0.210617
0.222319
0.242735
0.244575
0.278062
0.294302
0.268080
0.252853
0.275614
0.137170
0.067956
0.077631
0.031897
0.000000
0.027621
0.064178
0.102986
0.132296
0.204548
0.212637
0.167606
0.187457
0.192835
0.111251
0.063381
0.041121
0.146819
0.063537
0.054556
0.083437
0.189669
0.184757
0.115432
0.196551
0.058920
0.072259
0.079847
0.144117
0.104984
0.150778
0.170877
0.168489
0.138020
0.190933
0.131690
0.139072
0.125832
0.049107
0.037263
0.024079
0.106750
0.100615
0.124750
0.071334
0.050892
0.076795
0.119416
0.170199
0.117695
0.131256
0.088790
0.064576
0.087820
0.082178
0.032813
0.080131
0.046919
0.082998
0.074062
0.113634
0.164501
0.151051
0.359703
1.233030
1.243567
1.269539
1.175536
1.220951
1.348978
0.690221
0.371530
1.211847
1.186937
1.048234
1.006286
0.994282
1.035768
1.128363
1.160183
1.144138
1.188562
1.132578
1.112213
1.105723
0.724669
0.504153
1.234277
1.277553
0.907071
0.945180
0.973397
0.400151
0.359024
0.377372
0.378907
0.347882
0.405127
1.136702
1.020878
1.241400
1.263933
1.280038
1.091839
1.091711
1.000089
0.978427
0.970664
0.837186
0.862090
0.699800
0.761830
0.610155
0.733077
0.691646
0.761202
0.716950
0.614262
0.601462
0.568808
0.596405
0.449740
1.132597
0.528909
0.503446
0.474482
0.435817
0.451884
0.512331
0.450793
0.514879
0.535277
0.509486
0.480120
0.541430
0.540055
0.549504
0.521428
0.572521
0.578989
0.563553
0.497758
0.499650
0.485427
0.456306
0.450049
0.473714
1.161300
1.178037
1.177780
1.176615
1.198740
1.234979
1.231196
1.172302
1.185696
1.181033
1.129199
1.154935
1.147126
1.165293
1.202089
1.158417
0.617457
0.586463
0.563931
0.256359
0.227480
0.200629
1.299799
1.263274
1.275887
0.426348
0.417335
0.389784
0.399968
0.368567
0.364549
1.101165
0.508675
0.490721
0.531466
0.394358
0.404007
1.399688
1.112597
1.377695
0.189669
0.132714
0.097151
0.128541
0.779255
0.794202
0.800317
1.305519
1.352126
1.378561
1.401300
1.425621
1.442959
1.458524
1.394639
1.349624
1.312380
1.389275
1.373661
1.335149
1.326259
1.307108
0.750741
0.777365
0.259705
1.378435
1.395477
1.268852
1.295867
0.597950
0.644116
0.208855
0.226342
0.403320
1.386558
0.681228
0.685033
0.706840
0.730543
0.771950
0.736900
0.724413
0.644408
0.240349
0.234479
0.294104
0.293400
0.255529
0.229394
0.215563
0.224825
0.257146
0.279507
0.293980
0.238756
0.267472
0.218638
0.249234
0.268282
0.187770
0.198624
0.159582
0.207370
0.126467
0.130561
1.286080
1.296721
1.243312
1.217908
1.172917
1.125795
1.329138
1.326318
1.365880
1.346081
1.405672
1.352233
1.305776
1.405660
1.369969
1.397926
1.430462
1.404184
1.448990
1.464360
1.483395
1.529962
1.555435
1.066862
1.036990
0.731899
0.753899
0.392061
0.484817
1.340430
1.262272
1.209062
1.246742
0.491451
1.466313
1.334848
1.431082
0.372277
0.157034
0.142294
0.124622
0.109414
0.086868
0.165503
0.194971
0.210499
0.166877
0.241400
0.289242
0.340688
1.295658
1.301228
1.266018
1.242134
1.205075
1.247532
1.228849
1.272848
1.302408
1.305298
1.270033
1.263805
1.254549
1.282230
1.321432
1.320303
1.351064
1.357489
1.342389
1.323030
1.324422
1.347952
1.338192
1.362695
1.371971
1.426633
1.439371
1.515764
1.480615
1.257015
0.409032
0.373569
0.362642
0.387399
0.395558
0.388817
0.337089
0.383221
0.400931
0.430884
0.419984
0.422919
0.418661
0.415615
0.138826
1.485391
0.242604
0.204392
0.242653
1.378107
1.418855
1.441370
1.453742
1.406417
1.466212
1.492149
1.313635
0.398871
0.365781
0.330817
0.332783
0.308078
0.285325
0.216917
0.204634
0.265313
0.236222
0.239298
0.240666
0.261047
0.284418
0.312213
1.519637
1.350039
0.220130
0.201890
1.354885
1.376518
1.406888
1.447755
1.480794
1.545488
1.525542
1.473726
1.413066
1.290391
1.358397
1.384613
1.415502
1.378013
1.441387
1.405389
0.191464
0.218516
0.247384
0.178961
0.139161
0.191731
0.218842
0.166939
0.304739
0.232796
0.153136
0.170147
0.164829
0.183975
0.197680
0.117383
0.169901
1.249676
0.729821
0.788198
0.716160
0.689330
1.039733
1.008460
1.069752
1.083576
1.093354
1.072634
1.049443
1.024408
0.432579
0.475529
0.488056
0.464491
0.365229
0.341526
0.305020
1.451664
1.504710
1.473595
0.315590
0.488205
0.446724
0.489442
0.519266
0.559223
0.602104
0.619538
0.651532
0.626733
0.600759
0.585608
0.554173
0.524528
0.486903
0.696135
0.718925
0.643640
0.557447
0.609514
0.617591
0.714179
0.727390
0.775501
0.800180
0.743059
0.766361
0.752728
0.288467
0.262942
0.278614
0.293300
0.263605
0.095570
1.170179
1.208057
1.347824
1.382863
1.476263
1.384281
1.373746
1.388397
1.400044
1.411430
1.406499
1.466377
1.481415
1.510220
0.886127
0.921347
0.931095
0.948274
0.970946
0.317759
0.361766
1.160966
1.195711
1.429393
1.467878
1.456344
1.489239
1.526625
1.494910
0.897945
0.906052
0.873515
0.839711
0.813264
0.832274
0.855389
0.849541
0.878606
0.911556
0.877522
0.858925
0.296318
0.409268
0.139264
0.132757
0.104328
0.075785
0.106235
1.023308
0.973232
0.967918
0.999702
0.982406
1.011703
0.993214
0.847059
0.875858
0.874610
0.905640
0.891091
0.912100
0.896642
0.907661
0.925159
0.914472
0.939623
0.942252
0.967517
1.000748
1.026312
1.024944
1.056507
1.044035
0.968310
0.989071
0.954729
0.922514
0.934534
0.953432
0.922459
0.931993
0.909909
0.893381
0.869706
0.930279
0.899836
0.933427
0.820868
0.892116
0.926570
0.971021
0.908966
0.957550
0.938587
0.977927
0.977895
0.614324
0.158757
0.163700
0.138601
0.157770
0.129269
0.183760
0.181921
1.131623
1.533676
1.545282
1.561946
1.572703
1.563497
1.538118
1.518237
1.536962
1.536498
1.651295
1.629565
1.488031
0.279579
0.269034
0.325986
0.869206
0.702167
0.666364
0.687133
0.664583
0.304792
0.287460
0.413722
0.417870
0.421386
0.468920
0.544536
0.565882
0.550021
0.530586
0.511781
0.490426
0.465565
0.440265
0.450078
0.489136
0.510387
0.537759
0.382253
0.380503
0.401901
0.464947
0.434749
0.488942
0.522096
0.543678
0.574284
0.390828
0.513150
0.517214
0.554335
0.559748
0.587806
0.588739
0.525962
0.593785
0.529568
1.517476
1.565228
1.461192
1.503770
1.540389
1.573979
1.498633
1.612897
0.864769
0.854312
0.874566
0.863553
0.832374
0.856580
0.829560
0.848588
0.842839
0.823296
0.831766
0.445552
0.475825
0.477941
0.523587
0.500784
0.570264
0.641586
1.088749
1.165528
1.131236
1.411205
1.229408
1.286436
1.352980
1.360505
1.349282
1.228751
1.257938
1.272399
1.326631
1.245839
1.255156
1.226836
1.232669
1.306653
1.309661
1.307292
1.310980
1.337936
1.327783
1.316514
1.315560
1.254197
1.229224
1.276715
1.268609
1.332582
1.238781
1.063418
1.093959
1.086929
1.079026
1.061786
1.108619
1.113256
1.552551
0.241842
0.276061
1.535573
1.529558
0.901888
0.249800
0.298204
0.318172
0.158430
1.457354
1.499443
1.529706
1.563028
1.615816
1.599356
1.541711
1.524646
0.986708
1.015833
0.983416
0.348059
0.397276
0.281835
0.284810
0.300519
0.315437
0.357394
0.308379
0.334250
0.355258
0.376035
0.397079
0.355751
0.406740
0.408028
0.362191
0.372065
0.333847
0.386349
0.390632
0.192786
0.185077
0.193244
0.632500
0.609328
0.649488
0.657316
1.431395
1.435799
1.430563
1.414471
1.397869
1.406659
1.377522
1.367745
1.357592
1.370716
1.355623
1.349349
1.359916
1.370716
1.399951
1.410607
1.429025
1.459469
1.441359
1.498834
1.543147
1.474650
1.429519
0.679439
0.262025
0.332777
0.351301
0.364397
0.380997
0.307409
0.219035
1.308041
1.149493
1.131174
1.112258
0.659859
0.782578
0.746044
0.168839
0.158211
0.127774
0.136709
0.158918
0.181206
0.203079
0.150870
0.164803
0.188768
0.229701
0.219942
0.998956
1.002357
1.001183
0.997639
1.002911
0.969389
0.967152
1.340936
1.312962
1.297294
1.337699
1.378988
1.372613
1.385123
1.397806
1.418807
1.404131
1.367552
1.403507
1.405594
1.424939
1.162132
0.177394
0.181590
1.148821
0.725642
0.730411
0.768402
0.766735
0.804353
0.832183
0.846626
0.882571
0.859058
0.854338
0.836458
0.820844
0.786363
0.800357
0.735825
0.760744
0.693180
0.555188
1.324252
1.330232
1.362505
1.237388
1.213090
1.287419
1.245567
1.263458
1.212483
1.311678
1.285573
1.361493
0.442953
1.292120
1.296498
1.268796
1.231331
1.253488
1.441073
1.430359
1.467065
1.423835
1.456520
1.444110
1.417639
1.454953
1.465080
1.392661
1.427161
1.443521
1.398727
1.384420
1.000105
1.018514
1.042720
1.014732
0.229986
0.239264
0.338019
0.310131
0.341193
1.239931
1.264009
0.597467
0.563970
0.609661
0.317396
0.588560
0.780558
0.793888
0.817508
0.875470
0.874888
1.498856
1.525914
1.551749
1.535489
1.520580
1.489583
1.466052
1.473656
1.440999
1.490008
1.434410
1.392891
1.468743
1.453567
1.471720
1.494122
1.501212
1.493345
1.498740
1.438042
1.404579
1.420650
1.422909
1.441067
1.409587
1.455941
1.468176
1.537838
1.487925
1.493773
1.457286
1.460892
1.449590
1.434969
1.407143
1.389159
0.898383
0.880966
0.845541
0.878329
0.902638
0.886472
0.601248
0.575478
1.666700
1.699959
1.715480
1.692777
1.653020
1.602533
1.592310
1.604837
1.572616
1.563602
1.571223
1.601739
1.598270
1.661652
1.647568
1.627599
1.620763
1.633018
1.615009
0.431815
0.536305
1.411013
1.246532
1.281512
1.284665
0.338699
0.363562
0.345278
1.662374
1.685660
1.693996
1.636079
0.276755
1.449346
1.067980
0.465760
0.498693
0.318247
0.293778
0.304282
0.266165
0.314206
0.349457
0.344406
0.198680
1.688255
0.581498
0.570549
0.648459
0.660165
0.762688
0.735341
0.693355
0.676749
0.429190
0.444550
0.457200
0.513833
0.536216
0.542516
0.582849
0.613152
0.651607
0.628817
0.605995
0.557920
0.511573
0.483848
0.493678
0.468777
0.476477
0.509521
0.478753
0.525125
0.587272
0.445993
0.237167
1.287849
1.256696
1.211916
1.229255
1.237523
1.259928
1.283193
1.308265
1.336881
1.319434
1.291410
1.236311
1.207035
1.170476
1.147440
1.093963
1.051047
0.941041
0.936687
0.968078
0.991015
1.011749
1.019058
1.045150
1.083676
1.100252
1.115912
1.135072
1.020022
1.042840
1.057910
0.967642
1.225690
1.191316
1.139970
1.112941
1.309837
1.280521
1.255542
1.273102
1.207996
1.235161
1.195895
1.136638
1.124270
1.032099
1.188238
1.184714
1.170827
1.146941
1.263437
1.101669
0.342671
0.350041
1.682976
1.665225
1.645853
1.632153
1.489279
1.461388
1.483698
1.508810
1.528503
1.596444
1.570261
1.536355
1.488462
1.519404
1.537594
1.503320
1.533461
0.709629
0.261698
1.260297
0.338852
0.329057
0.261792
0.303385
0.821011
1.693159
1.661687
0.937431
0.960475
1.288793
1.332407
1.357782
1.515764
1.441252
1.429017
1.408278
1.392527
1.144419
1.181491
1.183031
1.156117
1.172409
1.134320
1.061023
1.049168
1.013408
1.012987
0.985563
0.962867
0.947255
0.976571
0.940094
0.989158
1.000395
1.085937
1.052970
1.036311
1.007975
0.976499
0.963437
0.930351
0.971347
0.982990
1.053606
1.091192
1.102782
1.066809
1.047896
1.010296
0.991634
1.030158
1.027531
1.003723
1.159347
1.150583
1.114576
1.117824
1.172408
1.189737
1.176320
1.137360
1.079548
1.076998
1.144586
1.024011
0.352788
1.675598
0.509677
0.535391
0.591593
0.614356
0.722125
0.691856
0.705639
0.637626
0.606549
1.688431
1.246323
1.220267
1.236498
0.852511
1.095546
0.359354
0.360897
1.435119
1.480608
1.165949
1.107771
1.129554
1.087767
1.127940
1.105735
1.073398
1.160890
1.123737
0.374794
0.411010
0.492781
0.475459
1.242115
1.265620
1.270581
1.342942
1.177205
1.155903
1.151759
1.164654
0.514788
1.561768
1.103074
1.096679
1.063676
1.501292
1.635535
1.067457
1.082725
0.572218
0.603045
0.589167
1.649518
0.844428
0.813020
0.819400
0.432938
0.456977
0.485811
0.458299
0.424729
0.460078
1.323792
1.572756
1.235554
0.387131
0.368005
0.356227
1.320241
1.352489
1.312991
1.570271
1.524524
1.540160
1.090655
1.088187
1.023267
1.079227
1.066732
1.090168
1.145868
1.111384
1.179354
1.211216
1.258204
1.242079
1.210706
1.180914
1.230217
1.205337
1.290202
1.256163
1.300556
1.276259
1.283680
1.305601
1.307079
1.374986
1.133867
1.107070
1.125697
1.102120
1.120196
1.138613
1.121669
1.474156
1.492243
1.244204
1.215170
0.649134
1.501340
1.525249
1.500018
1.519689
1.543815
1.335664
1.267089
0.644998
0.631112
0.599417
0.594078
0.493575
0.540241
0.437493
0.464284
0.492412
1.484972
0.990572
0.945349
0.940938
0.969724
1.017736
0.977746
0.977604
1.007444
1.053249
0.905629
0.515629
1.049027
0.980593
0.981511
1.303057
0.935125
0.714524
0.765129
0.691662
0.696917
0.705702
0.731578
0.736649
0.673257
0.651878
0.685685
0.752155
0.716641
0.750315
0.745166
0.706268
0.726759
0.699745
0.753772
0.754603
0.742783
0.750431
0.719316
0.765031
0.709050
0.388135
1.453642
1.436549
1.418992
0.895853
0.881138
0.852121
0.844771
0.815403
0.788865
0.872201
0.519876
1.315036
1.319872
0.567964
0.587054
0.617794
0.592409
0.553759
0.543365
0.581364
0.617037
0.549197
0.524814
0.541973
0.505143
0.526517
0.552485
0.489568
0.518372
0.398131
0.420726
0.393424
0.415131
0.366961
0.470521
0.497936
0.505204
0.476492
0.533657
0.534055
0.556746
0.535768
0.443672
0.404075
0.455615
0.451789
1.346534
1.384717
1.535043
1.508532
1.481746
1.444437
1.447904
1.476041
1.549555
1.145563
0.798232
0.778323
0.807142
0.782563
0.768052
0.777714
1.479171
1.474419
1.451005
0.630575
0.662030
0.688564
0.644114
0.677216
0.709111
0.683968
1.391486
1.345257
1.396387
1.363803
1.384832
1.405422
1.373646
1.347578
1.366620
1.354879
1.360861
0.634062
0.512517
0.557722
0.582409
0.587776
0.564696
0.551005
0.596508
0.577033
0.621203
0.616987
0.530024
0.558169
0.511822
0.597893
0.489120
0.604802
1.247990
1.217849
1.242534
1.246753
1.270394
0.912317
0.885757
0.847672
0.895205
0.926916
0.964513
0.954537
0.886603
0.912119
0.656161
0.881869
1.554146
1.517951
1.575575
1.523644
1.492907
1.469458
1.486904
1.542405
1.481393
1.403420
1.430735
1.427784
1.388637
1.362420
1.369088
1.397740
1.429708
1.389090
1.388750
1.452364
1.029613
1.035773
0.981490
0.888949
0.868184
0.931922
0.920888
0.912695
0.893488
0.862634
0.947083
0.895840
0.862937
0.841814
0.847146
0.823327
1.298648
1.013639
1.037683
1.017213
1.022333
0.948326
1.509091
1.487928
1.455871
1.009215
0.937125
0.888865
0.869508
0.875538
0.902174
0.651589
0.686224
0.711145
0.726914
0.744559
0.755630
0.759560
0.730147
0.699113
0.626082
0.647457
0.702912
0.697977
0.707372
0.673854
0.667348
0.745057
1.210409
1.240317
1.281759
1.278618
1.305313
1.278810
1.221288
1.246797
1.250876
1.279796
1.250819
1.191854
1.181109
1.167680
1.134729
1.124394
1.111909
1.150235
1.162963
1.188398
1.147769
1.264895
1.221285
1.234015
1.267865
1.315261
1.333281
1.336798
1.145505
1.173574
1.201437
1.197311
1.114727
1.057838
1.065423
1.306678
1.313460
0.938453
1.227649
1.202896
1.176346
1.154701
1.154773
1.223495
1.192528
1.176903
1.253714
1.231294
1.231845
0.764833
0.772322
0.503889
1.041832
1.073882
1.073516
0.682606
0.692700
0.716456
0.719216
0.682534
0.796075
1.159222
1.394032
1.051074
1.074085
1.004376
0.982922
0.962903
0.966455
0.942428
0.802238
0.642520
0.662026
0.694453
1.021896
1.032367
0.946903
0.910462
0.918966
0.881564
0.936175
0.892055
0.900322
0.933464
0.928292
0.822682
0.833486
0.741995
1.396715
1.395240
1.361707
1.330466
1.282097
1.271077
1.227033
1.343223
1.310657
1.516625
1.127569
0.807127
0.821525
0.844183
0.777364
0.773937
0.817729
0.841011
0.760135
0.727207
0.760641
0.789517
0.797603
0.802784
0.774017
0.827636
0.819499
0.765275
0.792780
0.781598
0.809454
1.384027
1.332246
1.355431
1.366235
1.143742
0.962057
0.954171
0.858536
0.851443
0.933542
0.876357
0.798819
1.323643
1.289910
1.287081
1.254526
1.225788
1.245685
1.217051
1.311274
1.330311
1.306394
1.304437
1.273091
1.278165
1.282367
1.294366
1.276879
1.182017
0.929297
0.948831
0.802000
0.775662
0.764479
0.788517
1.375124
0.913149
0.839884
0.816652
0.871999
0.872983
0.866360
0.841282
0.627751
0.642552
0.673328
1.459441
1.417202
1.481529
1.420583
0.885542
0.997605
1.439099
1.300853
1.293707
1.291443
1.266236
1.276180
1.294951
1.052979
1.254238
1.254542
1.218063
1.206293
1.174473
1.189520
1.360232
1.074106
1.061829
1.067887
1.079981
1.110330
1.094254
1.002443
1.018745
1.035157
1.001550
1.043761
1.271873
1.274705
1.253330
1.219471
1.190833
1.160626
1.172157
1.210322
1.251879
1.291705
1.235968
1.257328
1.238454
1.281693
1.326935
1.343784
1.246347
1.100202
1.446394
1.462838
0.680279
0.659263
0.638630
0.655752
1.359196
1.339686
1.361776
1.186035
1.158678
1.398814
1.329125
1.356888
1.032779
1.090454
1.063326
1.116333
0.871751
0.874184
1.366119
1.347573
1.322193
1.302748
0.939075
0.942156
0.969915
0.727186
1.198314
1.303252
1.231555
1.039235
1.081467
1.098774
1.099250
1.133345
1.175264
1.207685
1.237540
1.193671
1.146965
1.135911
1.127203
1.118786
1.160214
1.050483
1.076492
1.083532
1.106975
1.136396
1.142617
1.138402
1.128995
1.100691
1.178927
1.180978
1.160421
1.145063
1.111027
1.157508
1.217524
1.257671
1.089838
1.061416
1.087147
1.061359
1.064920
1.059031
0.630911
1.310749
0.887283
0.915915
0.929215
0.944245
0.961252
0.966645
1.220989
0.978491
1.000763
1.006729
1.022558
1.060156
1.040120
0.921268
0.909227
0.955531
1.110758
1.035581
1.287166
1.623786
1.435350
1.420169
1.459290
1.430641
1.381422
1.407141
1.379587
1.413261
1.397343
1.440917
