80.322091	0.0003569236	0.062529	0.0010000000	0.356924
57.5836300000	0.0010834458	0.0885590000	60.0000000000
80.322091	0.0003569236	0.061504	0.0010000000	0.356924
57.5836300000	0.0010834458	0.0893340000	60.0000000000
150.5348100000	0.0002110889	0.1942780000	160.0000000000
104.7264090000	0.0003956130	0.1390560000	110.0000000000
127.7986110000	0.0002830463	0.1657750000	135.0000000000
115.8400170000	0.0003344493	0.1551350000	122.0000000000
110.2906690000	0.0003652878	0.1456150000	116.0000000000
113.0683980000	0.0003471929	0.1506260000	119.0000000000
111.2188700000	0.0003596045	0.1446970000	117.0000000000
259.623299	0.0000401170	0.083474	0.0001000000	0.401170
284.5978060000	0.0000648753	0.3478980000	315.0000000000
365.2529020000	0.0000396303	0.4346560000	415.0000000000
325.4616770000	0.0000496121	0.3914200000	365.0000000000
345.4787280000	0.0000442587	0.4051490000	390.0000000000
355.0021940000	0.0000420200	0.4197300000	402.0000000000
359.7433350000	0.0000410352	0.4257450000	408.0000000000
362.1081780000	0.0000405328	0.4238950000	411.0000000000
363.6823240000	0.0000399855	0.4238960000	413.0000000000
