0.593098
0.607069
0.576673
0.550209
0.562455
0.536122
0.553948
0.532705
0.559449
0.537377
0.567020
0.535972
0.526936
0.477928
0.445267
0.420831
0.329071
0.353091
0.360686
0.394854
0.451607
0.482403
0.489652
0.519568
0.623236
0.616356
0.600030
0.591018
0.584696
0.558207
0.533818
0.517609
0.495151
0.487193
0.433480
0.375244
0.319908
0.273480
0.271812
0.250049
0.212670
0.185810
0.210652
0.265741
0.265414
0.286602
0.262093
0.296835
0.253400
0.227934
0.208165
0.238422
0.243455
0.227402
0.239644
0.642330
0.618380
0.589788
0.577377
0.521005
0.492146
0.470117
0.448614
0.417605
0.385414
0.341978
0.327019
0.276541
0.260677
0.243556
0.221775
0.229852
0.155792
0.140339
0.106678
0.135141
0.196604
0.201198
0.200717
0.188087
0.210806
0.224545
0.206167
0.261938
0.250103
0.316963
0.346327
0.337783
0.363721
0.347527
0.371600
0.376071
0.408915
0.371252
0.396050
0.332104
0.301995
0.261598
0.253439
0.237861
0.247886
0.236998
0.259379
0.283484
0.303135
0.289280
0.299641
0.330818
0.370421
0.338614
0.280837
0.262532
0.244459
0.223622
0.214584
0.179025
0.203814
0.218386
0.200782
0.288722
0.315036
0.378052
0.364216
0.281584
0.295496
0.316619
0.322500
0.320572
0.344718
0.357108
0.328357
0.349863
0.329476
0.316267
0.356786
0.328300
0.375388
0.355284
0.361422
0.336316
0.336200
0.269989
0.262204
0.226998
0.218094
0.252797
0.253223
0.300056
0.330561
0.304305
0.299674
0.274330
0.398864
0.243952
0.182426
0.145819
0.224022
0.219881
0.198895
0.222266
0.191659
0.203668
0.189897
0.157540
0.144855
0.123192
0.156688
0.159025
0.174523
0.187465
0.193510
0.222693
0.246415
0.251503
0.294433
0.331154
0.316268
0.293863
0.217325
0.220260
0.168044
0.168507
0.183262
0.619659
0.656169
0.631050
0.605636
0.581930
0.548544
0.615442
0.616652
0.565170
0.622611
0.582979
0.554277
0.548223
0.550197
0.548021
0.552029
0.578670
0.580679
0.649383
0.598796
0.571281
0.583517
0.606070
0.643701
0.568534
0.639000
0.620736
0.584697
0.597907
0.535888
0.496275
0.503038
0.467547
0.531479
0.517015
0.416499
0.395049
0.299822
0.272946
0.243376
0.243807
0.363563
0.383253
0.413636
0.444965
0.476961
0.483185
0.513111
0.519247
0.490306
0.444786
0.414535
0.363444
0.396745
0.445130
0.498038
0.534546
0.422309
0.468550
0.475152
0.510044
0.536960
0.602608
0.557603
0.520889
0.512404
0.461996
0.440120
0.439302
0.423083
0.476554
0.454684
0.563456
0.510022
0.489266
0.423325
0.469805
0.479919
0.517923
0.513596
0.495188
0.503955
0.524791
0.552020
0.506249
0.479333
0.439151
0.449818
0.385680
0.414385
0.324892
0.352333
0.357253
0.342774
0.305482
0.328746
0.273801
0.276896
0.277106
0.329431
0.289616
0.270603
0.237489
0.252525
0.411454
0.386184
0.405315
0.375087
0.361309
0.429195
0.372149
0.329891
0.322487
0.412642
0.405667
0.391305
0.482915
0.409597
0.398547
0.453677
0.414443
0.501303
0.472009
0.457678
0.465522
0.349050
0.294978
0.462396
0.430818
0.435941
0.433124
0.375473
0.347362
0.357742
0.402932
0.387067
0.448950
0.416848
0.382670
0.332089
0.363057
0.308733
0.268445
0.249378
0.246483
0.226365
0.190920
0.189377
0.444482
0.395280
0.317111
0.301251
0.298184
0.355613
0.346026
0.371391
0.304135
0.331931
0.390746
0.340003
0.882496
0.803579
0.784209
0.758988
0.756429
0.736618
0.738262
0.767627
0.764942
0.790567
0.777339
0.831899
0.869452
0.888092
0.940497
0.931306
0.980395
0.974057
1.005106
1.051083
1.081972
1.108407
1.124868
1.101221
1.153245
1.171086
1.163725
1.163155
1.202907
1.251037
1.273214
1.347998
1.359128
1.389999
1.385427
1.368558
1.416338
1.430603
1.419384
1.395540
1.392375
1.334028
1.257959
1.223713
1.234288
1.194730
1.170240
1.195055
1.218212
1.221279
1.210016
1.183274
1.217420
1.135556
1.159271
1.186454
1.157391
1.133376
1.131301
1.097680
1.065663
1.031779
1.027414
0.983209
0.965450
0.955914
0.898580
0.860238
0.864593
0.886222
0.885991
0.858622
0.889144
0.851670
0.817644
0.789443
0.787473
0.756063
0.763880
0.807434
0.780831
0.776860
0.768077
0.929647
0.995228
1.121724
1.081531
1.066695
1.057623
1.017051
0.981298
0.952042
0.890190
0.817581
0.828632
0.794336
0.818838
0.852584
0.862073
0.833831
0.802997
0.831930
0.838826
0.875418
0.901215
0.915617
0.806188
0.864311
0.922270
1.010663
1.161066
1.071196
1.081753
1.052149
1.054664
1.023856
0.997109
1.045221
1.008703
0.997241
0.968087
0.933257
0.940020
0.906872
0.902079
0.880069
0.883202
0.849892
0.862959
0.890678
0.913823
0.942282
0.904853
0.875831
0.859636
0.851246
0.820959
0.799102
0.816837
0.826741
0.836740
0.904346
0.875151
0.859842
0.834369
0.818315
0.818775
0.841058
0.848290
0.800447
0.872109
0.845495
0.882404
0.832104
0.860671
0.922731
0.839957
0.884765
0.898443
0.958630
0.981870
1.012375
1.001888
1.042192
1.115543
1.113272
1.064098
1.034278
1.051778
1.088313
1.042248
1.068396
1.149677
1.123386
1.151864
1.172691
1.143236
1.105159
1.469096
1.504890
1.514432
1.540561
1.547016
1.505205
1.436814
1.476279
1.506697
1.503519
1.503395
1.504677
1.543587
1.564397
1.590100
1.598196
1.579627
1.610275
1.634587
1.674936
1.679719
1.666074
1.648840
1.639135
1.608340
1.600743
1.571865
1.583047
1.607179
1.587773
1.613387
1.642295
1.658763
1.487617
1.469225
1.445338
1.418133
1.394860
1.371849
1.562788
1.494919
1.518027
1.551075
1.582081
1.572547
1.426333
1.457093
1.450297
1.424536
1.457603
1.443089
1.450192
1.484788
1.421080
1.402289
1.403605
1.375816
1.352475
1.294849
1.268462
1.232480
1.211616
1.182282
1.163959
1.168705
1.152604
1.102734
1.075000
1.119359
1.096778
1.059385
1.072554
1.042504
1.067150
1.043351
1.059465
1.070138
1.071185
1.098430
1.072513
1.097819
1.150471
1.179826
1.189671
1.214112
1.234007
1.244159
1.220568
1.183889
1.159559
1.142764
1.071905
1.016669
0.999207
0.976362
0.950982
0.964257
0.989743
0.998474
1.014481
0.997600
0.983891
0.931988
0.927716
0.900141
0.871094
0.834318
0.814466
0.845473
0.852499
0.813584
0.842477
0.826678
0.831742
0.800110
0.784546
0.821226
0.832128
0.797791
0.802851
0.877178
0.876387
0.901128
0.881708
0.882833
0.859481
0.904817
0.880536
0.874535
0.869266
0.874732
0.895752
0.910004
0.871085
0.904305
0.952809
0.986991
0.960824
0.932445
0.974417
0.996157
0.924352
0.830797
0.846368
0.850503
0.860057
0.972583
0.941966
0.921761
0.913386
0.952937
0.940714
0.929757
0.915667
1.001602
1.031297
1.049453
1.058219
1.059318
1.080316
1.092832
1.094726
1.076511
1.103510
0.960529
0.893090
0.892459
0.950936
0.952663
0.909253
0.887936
0.895102
0.897421
0.936385
0.954185
0.966926
0.972514
0.955567
0.928367
0.897538
0.911709
0.857247
0.823183
0.797782
0.764964
0.708075
0.685843
0.660432
0.680154
0.698633
0.791756
0.827245
0.818345
0.846115
0.870384
0.846894
0.816254
0.814457
0.789279
0.805475
0.835873
0.816912
0.759000
0.786721
0.737336
0.725990
0.753570
0.705169
0.739562
0.744870
0.796227
0.769109
0.748787
0.664530
0.617848
0.594238
0.587385
0.623399
0.592099
0.603263
0.607673
0.647584
0.674052
0.697043
0.766595
0.766230
0.719781
0.745083
0.738448
0.724064
0.703529
0.704043
0.655534
0.651130
0.651749
0.671165
0.700445
0.685508
0.710274
0.815093
0.772168
0.720566
0.686397
0.692963
0.713130
0.743641
0.744378
0.764338
0.697734
0.672176
0.642992
0.659512
0.618197
0.638215
0.642107
0.670338
0.683079
0.693892
0.668909
0.722087
0.641669
0.623269
0.674574
0.693753
0.721439
0.759691
0.792461
0.818408
0.880887
0.909007
0.938822
0.893400
0.917558
0.918048
0.917470
0.907624
0.953292
0.931106
0.919099
0.923466
0.936747
0.943691
0.941251
0.940571
0.861713
0.897398
0.862381
0.858648
0.846400
0.821596
0.829920
0.793238
0.750426
0.728660
0.755081
0.756274
0.786034
0.772817
0.805239
0.900376
0.908782
0.980193
0.944655
0.989138
0.987446
0.972858
0.915165
0.871740
0.838315
0.813817
0.816245
0.855161
0.848286
0.879450
0.885978
0.912417
0.870682
0.886837
0.852883
0.873003
0.836829
0.868255
0.802919
0.792777
0.759975
0.719223
0.692252
0.641648
0.628794
0.605923
0.604953
0.565914
0.534103
0.506038
0.414124
0.408050
0.320036
0.334380
0.347104
0.374016
0.389233
0.428241
0.476037
0.492549
0.463042
0.538132
0.555307
0.573908
0.629137
0.647351
0.658028
0.686104
0.732033
0.745482
0.730227
0.719862
0.677706
0.622314
0.646674
0.619549
0.648802
0.667392
0.656259
0.666614
0.644401
0.634579
0.608771
0.566910
0.505383
0.391903
0.408469
0.419932
0.445766
0.476618
0.397667
0.437545
0.429606
0.470121
0.469543
0.496420
0.495322
0.523710
0.529380
0.512694
0.537990
0.673306
0.689248
0.696099
0.761889
0.786557
0.785333
0.808475
0.774140
0.741896
0.726732
0.692031
0.666745
0.752747
0.810637
0.846276
0.815890
0.805800
0.713135
0.702805
0.779471
0.787649
0.732875
0.749348
0.768399
0.767793
0.796575
0.771005
0.762760
0.792817
0.815651
0.837744
0.826218
0.806342
0.706316
0.746365
0.754384
0.773466
0.790396
0.789917
0.762020
0.759697
0.767606
0.738450
0.623834
0.585550
0.608783
0.576081
0.639226
0.613223
0.571677
0.539362
0.499682
0.463232
0.429012
0.408226
0.366168
0.353579
0.318700
0.603125
0.561291
0.542908
0.533264
0.567490
0.575474
0.608037
0.605664
0.622574
0.688546
0.725463
0.750580
0.797803
0.798970
0.784055
0.719518
0.687895
0.633677
0.604470
0.577495
0.589296
0.624597
0.666670
0.634928
0.673656
0.755087
0.720272
0.697286
0.678824
0.728110
0.656217
0.666296
0.700360
0.712551
0.782910
0.722726
0.759803
0.752601
0.767202
0.734804
0.718105
0.702532
0.632744
0.687723
0.669337
0.653248
0.671388
0.676090
0.733353
0.753434
0.597657
0.565867
0.570664
0.544950
0.491195
0.475077
0.480471
0.472685
0.465637
0.476529
0.457849
0.439207
0.442397
0.455465
0.448351
0.446590
0.461598
0.494367
0.484784
0.428804
0.429286
0.399201
0.382451
0.398865
0.414500
0.393999
0.419862
0.391441
0.438291
0.433657
0.423510
0.399604
0.383951
0.370508
0.455598
0.398327
0.516765
0.515074
0.553310
0.501112
0.533171
0.512849
0.533384
0.506950
0.491134
0.562334
0.560188
0.589001
0.639194
0.610798
0.626517
0.596182
0.571428
0.549048
0.533486
0.575047
0.482241
0.471253
0.444185
0.420553
0.418504
0.390988
0.368693
0.388434
0.348640
0.382338
0.347422
0.417618
0.400583
0.440645
0.474392
0.499133
0.535783
0.581091
0.581639
0.604945
0.521541
0.502409
0.517292
0.495688
0.469938
0.526682
0.536897
0.546381
0.581595
0.566696
0.494382
0.449683
0.355148
0.388979
0.374821
0.454996
0.439861
0.428297
0.470104
0.446498
0.512353
0.476832
0.508648
0.293896
0.288923
0.330704
0.276987
0.243841
0.306561
0.316885
0.302010
0.311854
0.281087
0.278804
0.322357
0.346965
0.373195
0.391475
0.421560
0.417124
0.450954
0.512586
0.537197
0.566671
0.594527
0.608411
0.681735
0.702753
0.730944
0.739812
0.760787
0.837933
0.861168
0.460199
0.502111
0.500684
0.473756
0.445050
0.466201
0.489830
0.450647
0.479091
0.456583
0.470074
0.433129
0.469819
0.432137
0.450653
0.525202
0.517966
0.523827
0.509825
0.505030
0.533755
0.545104
0.543159
0.578063
0.616959
0.629775
0.651452
0.677866
0.795648
0.739911
0.606325
0.604907
0.626465
0.585743
0.571283
0.567471
0.557672
0.522741
0.537587
0.587791
0.577351
0.539337
0.573259
0.550777
0.560205
0.545769
0.552355
0.541113
0.495350
0.548650
0.537371
0.585422
0.584178
0.567934
0.483586
0.507040
0.598583
0.672568
0.711841
0.684163
0.306672
0.327007
0.357631
0.361023
0.384910
0.405509
0.445852
0.416132
0.428701
0.440923
0.367302
0.334728
0.445224
0.475517
0.248265
0.223882
0.227466
0.237108
0.267887
0.284676
0.375927
0.456504
0.514670
0.352294
0.339085
0.301194
0.324739
0.329705
0.299046
0.402820
0.388877
0.414213
0.388890
0.334826
0.309954
0.337059
0.352258
0.361280
0.370650
0.359315
0.334603
0.429749
0.452211
0.281234
0.315606
0.265831
0.278860
0.256636
0.278830
0.248856
0.226945
0.209402
0.246122
0.703158
0.869461
0.870186
0.915477
0.910227
0.947923
0.971989
0.977676
0.998690
0.967345
0.932623
0.902352
0.905212
0.878772
0.959324
1.003881
1.015860
0.967320
0.949828
0.946007
0.927865
0.928096
0.985069
1.053134
1.076504
1.073547
1.075012
1.034206
1.025809
1.012888
1.045629
1.033428
1.062917
1.033921
1.082188
1.112606
1.173696
1.179994
1.179665
1.201070
1.203231
1.210640
1.232332
1.290483
1.339666
1.403751
1.381560
1.376878
1.355362
1.340970
1.305473
1.301651
1.278306
1.289212
1.323513
1.256689
1.366580
1.342211
1.391043
1.351340
1.358208
1.200771
1.198413
1.210678
1.240906
1.222255
1.240189
1.208722
1.220838
1.232121
1.207905
1.235286
1.193168
1.140632
1.117175
1.095988
1.132105
1.164816
1.175956
1.145720
1.117424
1.103044
1.143291
1.198193
1.194676
1.135061
1.125173
1.138142
1.162122
1.192246
1.188747
1.162142
1.157675
1.172462
1.198850
1.212036
1.173326
1.245144
1.049701
1.015709
1.015968
1.044756
1.120346
1.120155
1.080113
1.094667
1.059811
1.100543
1.122419
1.099585
1.130890
1.122339
1.103917
1.085974
1.072583
1.052301
1.026530
1.075347
1.086940
1.108787
1.084499
1.125174
1.001568
1.050376
0.912816
0.893745
0.855854
0.801309
0.777441
0.769246
0.790584
0.818889
0.836403
0.825930
0.836838
0.768756
0.745537
0.650896
0.653653
0.622339
0.579071
0.572655
0.550310
0.529219
0.506045
0.437681
0.419248
0.420440
0.404364
0.606251
0.614788
0.638579
0.625660
0.641982
0.649746
0.693996
0.708795
0.750268
0.762488
0.827389
0.806035
0.775455
0.782770
0.746450
0.752822
0.777764
0.809477
0.792740
0.848651
0.878094
0.858275
0.825019
0.838904
0.852350
0.814401
0.832013
0.817010
0.788260
0.741187
0.753297
0.729583
0.700161
0.708102
0.740866
0.664989
0.682671
0.658477
0.646797
0.680874
0.673879
0.687989
0.703369
0.724829
0.696340
0.726802
0.743102
0.739506
0.714696
0.738269
0.799432
0.637351
0.724771
0.702741
0.678720
0.659187
0.626563
0.632378
0.641111
0.665640
0.603858
0.566383
0.540478
0.489699
0.478561
0.460522
0.436865
0.618306
0.589109
0.681431
0.870193
0.837643
0.813536
0.828350
0.804821
0.802613
0.777922
0.802877
0.812874
0.822823
0.843907
0.824482
0.800350
0.838498
0.785313
0.736515
0.772775
0.912494
0.891616
0.890853
0.904602
0.885149
0.864617
0.869621
0.833245
0.853424
0.851310
0.832283
0.841611
0.857187
0.862692
0.877116
0.828604
0.895862
0.942831
0.903812
0.872371
0.892814
0.902610
0.868247
0.706526
0.647356
0.803413
0.770711
0.772482
0.867911
0.888081
0.955139
0.865648
0.933493
0.973713
0.950823
0.967698
0.980917
1.054386
1.031489
1.029615
0.999516
0.986769
0.991245
0.962931
0.924977
1.057210
1.001576
0.996732
0.931690
0.966526
0.925557
0.946505
0.902343
0.930708
0.936803
1.012532
1.025881
1.038831
1.031714
1.059315
1.088765
1.127959
1.161785
1.193064
1.123340
1.160706
1.087180
1.043667
1.056648
1.060816
1.114674
1.182740
0.979156
1.000049
1.014731
1.038263
1.066161
1.042694
1.032386
1.041354
1.041851
0.995980
1.250434
1.262623
1.332867
1.340006
1.352827
1.374286
1.393097
1.382496
1.337910
1.312169
1.270878
1.246560
1.166823
1.140209
1.103879
1.076268
1.081664
1.097270
1.119447
1.066153
1.072134
1.041810
1.017070
0.993677
1.015710
0.959755
1.025761
1.027173
1.016888
0.985691
0.968591
0.962221
0.942043
0.970256
0.996190
0.927336
0.996646
1.262589
1.258767
1.290077
1.305497
1.286493
1.273113
1.300187
1.324806
1.299412
1.313630
1.324908
1.355785
1.345934
1.318124
1.338696
1.320480
1.314003
1.329046
1.348083
1.334140
1.367333
1.405766
1.409072
1.382176
1.371867
1.377195
1.396112
1.432295
1.445339
1.464441
1.530806
1.541910
1.584680
1.571091
1.604592
1.544757
1.561320
1.558543
1.540688
1.504272
1.526807
1.556533
1.591988
1.568999
1.594269
1.569059
1.600476
1.643958
1.614578
1.618881
1.631502
1.635021
1.642418
1.620692
1.585130
1.563543
1.532756
1.533345
1.505237
1.476111
1.451148
1.446238
1.408680
1.423665
1.368662
1.348246
1.342763
1.354635
1.319482
1.337577
1.332810
1.315645
1.372680
1.375329
1.354874
1.395151
1.383418
1.413006
1.485300
1.508880
1.526577
1.531104
1.528069
1.504821
1.516937
1.493813
1.509246
1.458100
1.476941
1.499014
1.516193
1.489894
1.534799
1.502186
1.511134
1.468976
1.454422
1.459431
1.482028
1.454375
1.456832
1.485906
1.389563
1.593652
1.618227
1.605368
1.542030
1.464014
1.446252
1.469493
1.424541
1.388263
1.376392
1.356334
1.607346
1.622035
1.559383
1.516395
1.575025
1.542099
1.604369
1.599752
1.528369
1.566358
1.515041
1.518995
1.579815
1.576976
1.541252
1.512312
1.485823
1.457541
1.452887
1.392664
1.420093
1.495094
1.485331
1.455487
1.589630
1.626947
1.625581
1.580243
1.564412
1.540952
1.444420
1.409419
1.402904
1.392901
1.365159
1.384172
1.287678
1.306477
1.271906
1.223121
1.224151
1.201714
1.140830
1.130184
1.141032
1.104288
1.165140
1.156609
1.097157
1.064777
1.107814
1.128619
1.111395
1.078098
1.031857
0.993315
0.949265
0.921205
0.908169
0.896308
0.863719
0.878078
0.840630
0.861228
0.870813
0.813099
0.815212
0.843192
0.788541
0.806328
0.820604
0.794893
0.759512
0.762165
0.764594
0.735424
0.702066
0.669280
0.695948
0.663139
0.645204
0.669660
0.655591
0.679486
0.666439
0.686690
0.717428
0.710750
0.733665
0.717468
0.774486
0.801270
0.779157
0.757890
0.787871
0.788326
0.702806
0.746543
0.689564
0.717615
0.753973
0.784923
0.723213
0.799918
0.828223
0.841483
0.704668
0.663851
0.651585
0.624355
0.587032
0.590796
0.596401
0.628605
0.634237
0.633685
0.657132
0.619968
0.580275
0.640264
0.637725
0.693117
0.670769
0.542838
0.555701
0.484612
0.423078
0.374647
0.377338
0.342526
0.353607
0.401700
0.415144
0.421647
0.534953
0.568104
0.629891
0.732885
0.760750
0.791125
0.805487
0.739949
0.753879
0.774736
0.654568
0.642483
0.621563
0.644688
0.420936
0.440369
0.473647
0.496730
0.652653
0.643508
0.674615
0.676554
0.716010
0.735728
0.712293
0.750381
0.510235
0.577203
0.575392
0.587902
0.618459
0.698762
0.687375
0.655781
0.619811
0.587994
0.566370
0.580133
0.540886
0.615939
0.666145
0.617408
0.652086
0.614990
0.544967
0.534057
0.518634
0.491445
0.503885
0.713806
0.724808
0.512642
0.531840
0.556272
0.525944
0.560008
0.585134
0.537757
0.457824
0.498734
0.396210
0.567885
0.609959
0.591867
0.561858
0.535531
0.561055
0.593735
0.625300
0.694609
0.787394
0.815359
0.838837
0.804753
0.811795
0.876639
0.904598
0.931982
0.951956
1.006014
1.003926
1.049175
1.048581
0.981493
0.954959
0.992649
0.939358
0.905592
1.018859
1.036616
0.893099
0.832175
0.836031
0.832830
0.958516
1.043830
1.026678
1.159782
1.208643
1.224836
1.227214
1.257975
1.246867
1.287423
1.310036
1.215888
1.627885
1.645050
1.590946
1.621081
1.540589
1.575512
1.507352
1.485239
1.469735
1.430451
1.642549
1.635636
1.672385
1.680062
1.675001
1.669334
1.706754
1.698452
1.731508
1.704682
1.713966
1.680612
1.684321
1.655053
1.595271
1.595928
1.536250
1.536335
1.570189
1.625835
1.634336
1.655531
1.647704
1.690362
1.660715
1.651382
1.656909
1.679889
1.665849
1.650794
1.627243
1.612292
1.607404
1.592440
1.613194
1.581832
1.625739
1.699073
1.695474
1.721780
1.715818
1.711218
1.680282
1.692021
1.698267
1.675636
1.703863
1.713500
1.715605
1.684380
1.673317
1.643759
1.672646
1.676817
1.683778
1.709052
1.703330
1.703955
1.712435
1.666287
1.719664
1.663356
1.632494
1.604418
1.619540
1.645995
1.673295
1.664767
1.640896
1.683879
1.711104
1.708579
1.707268
1.564748
1.545962
1.538309
1.545658
1.606038
1.569225
1.548318
1.509404
1.529464
1.560291
1.568473
1.557064
1.511294
1.520683
1.496249
1.449390
1.476193
1.441754
1.466214
1.447339
1.431597
1.414282
1.374218
1.350078
1.316266
1.288924
1.241967
1.208374
1.146328
1.125120
1.112043
1.082274
1.243685
1.214188
1.161089
1.134798
1.108846
1.210582
1.170447
1.085894
1.100211
1.073415
1.251023
1.192923
1.339384
1.388302
1.445859
1.483367
1.480098
1.473035
1.588071
1.655321
1.635696
1.668314
1.693754
1.669576
1.687868
1.614020
1.621043
1.640233
1.609619
1.643415
1.696200
1.596331
1.608052
1.577181
1.562200
1.585049
1.572318
1.545768
1.595798
1.618469
1.604800
1.619421
1.583061
1.638558
1.643624
1.649477
1.682635
1.635849
1.610931
1.584429
1.585757
1.484865
1.479809
1.452646
1.464762
1.424680
1.493468
1.514923
1.537148
1.559659
1.576915
1.546760
1.521302
1.452008
1.438466
1.423875
1.513359
1.515623
1.544028
1.620744
1.601597
1.665185
1.575150
1.500687
1.505974
1.559759
1.647403
1.616928
1.598982
1.542863
1.640877
1.723270
1.671700
1.651638
1.650363
1.620473
1.668151
1.566945
1.558268
1.553643
1.582998
1.664752
1.592583
1.623361
1.609561
1.597239
1.577836
1.539149
1.500055
1.448372
1.429606
1.421961
1.379517
1.610787
1.582746
1.568897
1.551703
1.563873
1.611037
1.584417
1.583674
1.634771
1.609672
1.498088
1.473673
1.477228
1.426013
1.553050
1.516338
1.504843
1.432400
1.375155
1.358836
1.331707
1.419358
1.402403
1.422226
1.445865
1.432413
1.408622
1.380711
1.374807
1.355985
1.419053
1.463020
1.491459
1.515009
1.481588
1.454897
1.434839
1.395038
1.488996
1.398927
1.312992
1.290825
1.289782
1.267460
1.199803
1.153894
1.175750
1.210874
1.202480
1.193050
1.153334
1.158647
1.134905
1.054907
1.038957
1.080520
1.083159
1.109316
1.109671
1.163366
1.207919
1.201345
1.215327
1.245770
1.185297
1.176227
1.168332
1.349435
1.319629
1.337295
1.360241
1.378431
1.404672
1.372769
1.402390
1.381684
1.358565
1.361763
1.366065
1.339000
1.318841
1.334729
1.257549
1.231787
1.223148
1.210616
1.214253
1.298821
1.295512
1.283376
1.260002
1.276647
1.194544
1.185980
1.289419
1.374759
1.291130
1.260016
1.220212
1.318874
1.348093
1.335508
1.431018
1.364813
1.370013
1.400352
1.403635
1.365242
1.374006
1.397735
1.403149
1.401843
1.392840
1.373825
1.345269
1.345030
1.315384
1.338514
1.342014
1.355316
1.392435
1.310784
1.418139
1.353542
1.377615
1.342486
1.331119
1.299876
1.256899
1.219477
1.186508
1.158184
1.147549
1.121199
1.106673
1.079323
1.097547
1.036827
1.006825
0.978421
0.964258
0.950966
0.973592
0.946895
0.978974
0.977747
0.996485
1.011842
0.982318
1.022056
0.993847
1.025843
1.050795
1.070240
1.088207
1.029233
1.069495
1.005264
1.033652
0.993159
1.044284
1.092734
1.159958
1.177869
1.157368
1.147076
1.201995
1.239727
1.263018
1.253604
1.281669
1.029484
1.099495
1.129407
1.126588
1.145385
1.069621
1.128005
1.122048
1.323768
1.328784
1.344188
1.297745
1.302496
1.280058
1.275365
1.304394
1.287884
1.268189
1.242903
1.215896
1.208448
1.183435
1.105627
1.150469
1.149482
1.148385
1.129010
1.123320
1.088191
1.132875
1.159306
1.189653
1.229844
1.257538
1.196152
1.185321
1.243820
1.163092
1.182874
1.213870
1.220742
1.247011
1.276786
1.184718
1.255635
1.281178
1.297176
1.276752
1.303952
1.262002
1.226811
1.207455
1.233498
1.289481
1.324831
1.326469
1.330764
1.326385
1.277899
1.249961
1.205235
1.186967
1.171134
1.127318
1.238782
1.263457
1.291537
1.286878
1.271752
1.281723
1.283393
1.283524
1.298324
1.293918
1.271225
1.245502
1.256052
1.228019
1.229706
1.257188
1.275847
1.266770
1.204293
1.224383
1.228482
1.185498
1.199359
1.219269
1.230321
1.209466
1.202643
1.156831
1.195892
1.185817
1.180981
1.180642
1.141603
1.113619
1.124182
1.138977
1.161255
1.171346
1.283157
1.329647
1.355226
1.370016
1.367669
1.333662
1.355847
1.383281
1.322983
1.288519
1.321082
1.313151
1.298551
1.306467
1.325318
1.345291
1.329405
1.316575
1.348885
1.314502
1.322275
1.348079
1.383065
1.423074
1.425203
1.357055
1.389386
1.419168
1.533459
1.449020
1.443104
1.448941
0.824695
0.852240
0.796705
0.804913
0.766935
0.752896
0.842674
0.789807
0.770684
0.743624
0.732071
0.729844
0.921141
0.905696
0.932651
0.949523
0.908293
0.937744
0.952887
0.980204
0.972637
0.976043
0.976017
0.943153
0.958374
0.962835
0.987632
1.014087
1.050728
1.077590
1.079725
1.103053
1.135971
1.136625
1.143281
1.120716
1.106826
0.986027
1.018310
1.000428
1.028541
0.998110
0.969122
1.012910
0.915636
0.913585
0.940965
0.930932
0.944196
0.922127
0.905928
0.938137
1.008156
0.958642
0.922338
0.938309
0.969695
0.992243
0.923859
0.882385
0.919488
0.865108
0.956860
0.955266
0.996838
0.987279
0.989105
0.980094
0.957430
0.930092
0.899724
0.999110
1.011648
1.016717
1.033464
1.042700
1.062275
1.084558
0.988459
1.033468
1.014793
1.017417
0.327869
0.297577
0.372832
0.982654
0.958116
0.842238
0.995308
0.868375
0.556406
0.498003
0.528330
0.526983
0.488014
0.463321
0.428818
0.433478
0.434621
0.408916
0.385355
0.346368
0.368834
0.316766
0.299328
0.276118
0.244750
0.224585
0.213263
0.212866
0.238707
0.285718
0.306682
0.371895
0.362259
0.382279
0.396272
0.433935
0.462289
0.516073
0.497799
0.528327
0.536000
0.588989
0.577167
0.562619
0.542557
0.578238
0.601715
0.577610
0.230594
0.285194
0.314666
0.311977
0.288914
0.301341
0.282143
0.252792
0.312576
0.318899
0.330564
0.263681
0.264859
0.281011
0.237941
0.577014
0.547684
0.548016
0.521103
0.500712
0.467683
0.446652
0.420017
0.381021
0.346617
0.337228
0.368664
0.350841
0.322774
0.301948
0.264825
0.258942
0.527141
0.537896
0.537700
0.501493
0.470401
0.486802
0.461912
0.506648
0.499581
0.465173
0.426942
0.438289
0.448255
0.481735
0.496261
1.022857
1.070148
1.088387
1.014897
0.958854
0.940438
0.969852
0.966198
1.005168
0.567330
0.561609
0.583694
0.565299
0.533769
0.533966
0.540871
0.525989
0.483664
0.473103
0.457187
0.507732
0.534599
0.564211
0.541430
0.515830
0.589572
1.078835
0.939309
0.546808
0.544943
0.509390
1.105451
1.130180
1.134390
1.161410
1.145146
1.112180
1.105302
1.167143
1.136322
1.167507
1.112157
1.126045
1.122993
1.053130
1.063304
1.078189
1.063380
1.193192
1.184263
1.197697
1.197510
1.158306
1.186343
0.723265
0.735595
0.703602
0.715373
0.769776
0.764734
0.744363
0.676121
0.798923
0.759508
0.738150
0.791137
0.771040
0.785891
0.710195
0.374584
0.335094
0.303681
0.353247
0.498560
0.416211
0.446705
0.472077
0.469316
1.111225
1.085415
0.740082
0.717696
0.722245
0.696768
1.018693
1.038490
1.041332
1.089100
1.118803
1.007432
0.330470
0.305883
1.104547
1.085404
1.121650
1.131073
1.146762
0.304179
0.256838
0.272834
0.567049
0.555310
1.218902
1.242852
1.258404
1.271140
1.291440
1.326595
1.336343
1.351367
1.362718
1.368914
1.370610
1.402767
1.406902
1.366638
1.383946
1.337919
1.222172
1.303957
1.236580
1.202414
1.228608
1.219460
1.255276
1.280842
1.322035
1.338242
1.316339
1.315497
1.291850
1.266094
1.273608
1.242972
1.217950
1.178450
1.175760
1.190185
1.196364
1.165271
1.200504
1.146663
0.481018
0.480700
0.447064
0.432289
0.441414
0.402087
1.252873
1.268009
1.301153
1.286457
1.307296
1.309512
1.265079
0.618692
0.591858
0.572595
0.652532
0.622012
0.669413
0.644445
0.578588
0.602604
0.626258
0.633964
0.568884
0.605678
0.587661
0.622617
1.317002
1.330551
1.372246
1.364477
1.249265
1.261621
1.288654
1.275795
1.016589
0.959388
1.010386
1.023152
1.043712
1.050413
1.048210
1.007570
1.025644
0.991096
0.962865
0.937472
0.904101
0.928213
0.947938
0.948982
0.995612
0.942620
0.909697
0.958417
0.916051
0.968760
0.985197
0.991303
0.706042
0.699055
0.736474
0.278613
1.202549
1.216394
1.190180
1.195836
1.286980
1.260222
1.301309
1.355681
1.298926
1.327374
1.319548
1.329594
1.351651
1.310241
1.277187
1.000688
1.026802
1.031767
1.050863
1.059782
1.040653
1.019400
1.037282
1.105322
1.109850
1.132279
1.149802
1.160970
1.197355
1.211946
1.193449
1.155700
1.120445
1.188574
1.177673
1.108420
1.155193
1.124562
1.108872
1.069602
1.079525
1.093794
1.238797
1.210282
1.180072
1.165020
1.157853
1.132596
0.322675
0.301532
0.305679
0.294925
0.272657
0.225985
0.244729
0.235546
0.220461
0.277971
1.166753
1.189313
1.142263
1.074345
0.771637
0.774540
0.768225
0.753596
0.807091
0.801016
0.753975
0.779287
0.795101
0.807480
0.793669
0.765330
1.109509
1.084561
0.690210
0.396151
0.401942
0.375589
0.322897
0.410431
0.358132
0.366121
0.316683
0.342824
1.241608
1.250614
0.663264
0.624589
0.631868
0.651862
0.635253
0.616675
0.665013
0.658481
0.678294
1.246285
1.271844
1.287711
1.259182
1.228014
1.207442
1.250337
1.184266
1.180601
0.607731
0.613921
1.228954
1.257097
1.230837
1.215153
1.087371
1.061961
0.584862
0.560151
0.345897
0.243829
0.180170
0.204691
0.160455
0.091121
0.117092
0.099278
0.074524
0.109499
0.108988
0.119844
0.152391
0.154438
0.167409
0.175241
0.195120
0.187528
0.156451
0.216222
0.210187
0.192919
0.189356
0.141861
0.135847
0.100076
0.103906
0.108869
0.131417
0.162503
0.187026
0.214042
0.239603
0.296762
0.283036
0.321450
0.308233
0.275773
0.314097
0.281856
0.290966
0.275981
0.290364
0.249472
0.221966
0.217657
0.204574
0.212244
0.232591
0.248405
0.311775
0.336517
0.251595
0.258531
0.232413
0.224731
0.206651
0.214431
0.234233
0.251324
0.247936
0.257209
0.267189
0.171129
0.268792
0.317095
0.340140
0.366687
0.353822
0.385719
0.367328
0.434206
0.423084
0.421454
0.451804
0.400613
0.443339
0.501674
0.510413
0.463329
0.435230
0.402266
0.413205
0.392576
0.406642
0.397240
0.375857
0.352071
0.363416
0.336734
0.294863
0.258274
0.505080
0.477515
0.475350
0.433994
0.411628
0.478997
0.221520
0.223944
0.313616
0.328821
0.363251
0.385623
0.401500
0.432648
0.442863
0.465677
0.512575
0.524558
0.547341
0.565375
0.582878
0.574306
0.570932
0.600550
0.604867
0.635132
0.661695
0.703853
0.755774
0.748793
0.741715
0.744681
0.715998
0.699952
0.665566
0.639643
0.628125
0.667193
0.737179
0.718578
0.668588
0.692958
0.728526
0.718194
0.694824
0.664943
0.628308
0.556146
0.535010
0.488039
0.444423
0.409658
0.389810
0.378151
0.404573
0.493051
0.519295
0.535078
0.571643
0.601075
0.596125
0.413484
0.429817
0.460133
0.535565
0.434838
0.402509
0.419816
0.386553
0.636522
0.618953
0.597710
0.652766
0.676135
0.645797
0.671462
0.693039
0.695928
0.706724
0.725411
0.603313
0.167679
0.231468
0.259894
0.272501
0.292029
0.322915
0.289368
0.325155
0.342137
0.301335
0.248714
0.267471
0.162691
0.163068
0.187065
0.189756
0.210617
0.222657
0.242735
0.243047
0.277447
0.294302
0.268035
0.252853
0.274607
0.137170
0.067956
0.077560
0.031897
0.000000
0.027621
0.064178
0.102986
0.132296
0.204444
0.212637
0.166300
0.184388
0.192835
0.111251
0.063381
0.041121
0.146819
0.063530
0.054556
0.083437
0.189669
0.184392
0.114638
0.196187
0.058920
0.072259
0.079847
0.144116
0.104984
0.150778
0.170877
0.168489
0.138020
0.190933
0.131690
0.139072
0.125832
0.049107
0.037263
0.024079
0.106750
0.100615
0.124686
0.071334
0.050892
0.076795
0.119270
0.170138
0.117652
0.130806
0.088789
0.064576
0.087820
0.082178
0.032813
0.080131
0.046919
0.082995
0.074062
0.112740
0.164501
0.151051
0.359045
1.232173
1.242691
1.268966
1.174587
1.220662
1.348120
0.690142
0.371529
1.210898
1.187026
1.047690
1.005742
0.994282
1.035768
1.128134
1.160068
1.143751
1.188474
1.132491
1.111071
1.105635
0.724631
0.504048
1.233371
1.275744
0.907071
0.945180
0.973397
0.400046
0.358964
0.377331
0.378913
0.347082
0.405084
1.136630
1.020670
1.240856
1.263389
1.279494
1.091692
1.091395
1.000051
0.978890
0.970626
0.836933
0.862090
0.699800
0.761343
0.610155
0.733077
0.691646
0.761202
0.717831
0.614197
0.601187
0.568498
0.596193
0.450666
1.132808
0.528894
0.503446
0.474482
0.435817
0.451843
0.511229
0.449691
0.514879
0.535277
0.509486
0.480120
0.540413
0.540055
0.549439
0.521183
0.572338
0.578948
0.563553
0.497545
0.499315
0.485418
0.456093
0.449936
0.473221
1.161510
1.178248
1.176914
1.176574
1.197579
1.233819
1.230036
1.172184
1.185311
1.180011
1.128889
1.154561
1.145965
1.163842
1.202047
1.158912
0.617457
0.586463
0.563438
0.256213
0.227334
0.200331
1.297605
1.262417
1.275287
0.426315
0.417335
0.389571
0.399968
0.368563
0.364549
1.101165
0.508632
0.490721
0.531467
0.393908
0.403247
1.397796
1.113092
1.377653
0.188087
0.132714
0.097151
0.127731
0.779255
0.794163
0.800021
1.304614
1.351609
1.378081
1.400701
1.425022
1.442359
1.457914
1.392444
1.349024
1.311958
1.388823
1.373986
1.334329
1.324906
1.306202
0.751540
0.777365
0.258444
1.377834
1.395136
1.268512
1.295549
0.597932
0.644116
0.208855
0.226267
0.403320
1.386104
0.681228
0.685023
0.706290
0.729898
0.771464
0.736173
0.724378
0.644408
0.239088
0.234479
0.294104
0.293400
0.255526
0.228372
0.214302
0.224825
0.257101
0.279507
0.293980
0.238756
0.267472
0.217839
0.248146
0.265285
0.186749
0.198624
0.159582
0.207370
0.126467
0.130270
1.285508
1.295997
1.243766
1.218948
1.172739
1.126248
1.326944
1.325970
1.365019
1.345204
1.404948
1.350103
1.306102
1.405618
1.368538
1.396965
1.429508
1.403540
1.448085
1.463717
1.482488
1.529056
1.554482
1.066836
1.036922
0.732090
0.753899
0.391235
0.484817
1.340179
1.261885
1.208990
1.246379
0.491408
1.464816
1.333942
1.430438
0.372276
0.156788
0.142294
0.124392
0.109375
0.086868
0.165503
0.194971
0.211465
0.166871
0.241400
0.289242
0.340688
1.293241
1.301034
1.266239
1.242016
1.204957
1.247471
1.228439
1.271785
1.301998
1.304137
1.268867
1.262644
1.254431
1.282112
1.321653
1.320185
1.350543
1.357244
1.341229
1.322618
1.324361
1.347405
1.338063
1.361331
1.371777
1.426515
1.439253
1.514882
1.480432
1.256940
0.409012
0.373569
0.362402
0.387399
0.395558
0.388381
0.337089
0.382963
0.400583
0.430884
0.419483
0.422195
0.418661
0.415179
0.138770
1.485083
0.241844
0.203942
0.242464
1.377199
1.417826
1.440719
1.453415
1.405995
1.465696
1.491666
1.313451
0.397977
0.365771
0.330817
0.332783
0.308078
0.285325
0.216852
0.204624
0.265303
0.236222
0.239298
0.240666
0.261047
0.283759
0.311411
1.519890
1.349652
0.219461
0.201423
1.354701
1.376131
1.406800
1.447392
1.480705
1.544682
1.525125
1.473364
1.412991
1.288684
1.358322
1.384250
1.415363
1.377925
1.441252
1.405003
0.191464
0.218516
0.247384
0.178961
0.139161
0.191731
0.218842
0.166939
0.304649
0.232720
0.153136
0.169973
0.164829
0.183975
0.197680
0.117363
0.169901
1.249893
0.729460
0.788771
0.715058
0.690170
1.039247
1.006925
1.067821
1.083202
1.092771
1.071473
1.049443
1.024171
0.432579
0.475529
0.488049
0.464491
0.365224
0.341526
0.304351
1.450693
1.504710
1.473349
0.315590
0.489237
0.446467
0.489202
0.516973
0.556777
0.600846
0.617698
0.650308
0.624939
0.598965
0.583814
0.552379
0.522735
0.485110
0.694794
0.717132
0.642328
0.555654
0.607645
0.615797
0.712565
0.725596
0.773708
0.798811
0.741829
0.765049
0.750806
0.286041
0.261636
0.277783
0.293300
0.262344
0.095570
1.169018
1.206896
1.347706
1.382745
1.476145
1.384241
1.372585
1.388031
1.399651
1.411381
1.405331
1.466336
1.480507
1.509266
0.885892
0.921098
0.931247
0.947973
0.970442
0.317759
0.361580
1.160384
1.195129
1.428974
1.467672
1.456092
1.488987
1.525159
1.494659
0.896057
0.905664
0.873080
0.839276
0.812742
0.832815
0.855765
0.849214
0.878973
0.912094
0.876654
0.857305
0.295518
0.409073
0.139264
0.132757
0.104328
0.075785
0.106197
1.022283
0.972922
0.968005
0.999198
0.982156
1.011088
0.993320
0.846755
0.875815
0.874502
0.906610
0.891255
0.912353
0.896813
0.907249
0.925065
0.914107
0.939285
0.942338
0.967239
1.001001
1.027058
1.025157
1.057068
1.043537
0.968563
0.988978
0.954945
0.921700
0.935502
0.952262
0.921289
0.931884
0.909078
0.893076
0.869706
0.929975
0.899044
0.934021
0.820868
0.892116
0.926570
0.971021
0.908906
0.957441
0.938673
0.977130
0.977460
0.614324
0.158719
0.163700
0.138601
0.157770
0.129269
0.183759
0.181883
1.131729
1.533368
1.544974
1.561656
1.572372
1.562682
1.537871
1.517926
1.536597
1.535459
1.649378
1.629522
1.487832
0.279517
0.269034
0.324751
0.868283
0.702167
0.666364
0.686914
0.664863
0.304792
0.287460
0.413678
0.417418
0.421254
0.468821
0.544751
0.565783
0.549943
0.530530
0.512110
0.490057
0.464930
0.440187
0.449724
0.489136
0.509175
0.537660
0.381802
0.380503
0.401825
0.463914
0.434749
0.488776
0.521902
0.543514
0.574118
0.390784
0.513099
0.516887
0.553966
0.558337
0.586659
0.588185
0.525722
0.591492
0.528994
1.516650
1.564584
1.460284
1.502742
1.539670
1.573224
1.497776
1.612582
0.863921
0.855057
0.874566
0.863694
0.832584
0.856807
0.829821
0.847158
0.841736
0.824265
0.831878
0.444978
0.475140
0.476147
0.521793
0.499373
0.569191
0.640638
1.088134
1.165024
1.130876
1.411060
1.229098
1.286009
1.352772
1.360297
1.349008
1.228141
1.257887
1.272014
1.326070
1.245455
1.254846
1.225450
1.231834
1.306006
1.309052
1.306877
1.310772
1.337728
1.327573
1.316306
1.315351
1.253586
1.228613
1.276663
1.268202
1.332303
1.238886
1.062914
1.093455
1.086395
1.078818
1.061587
1.107651
1.112723
1.552139
0.241835
0.276008
1.535211
1.529326
0.902015
0.247879
0.298184
0.318134
0.158430
1.456630
1.498629
1.529055
1.562548
1.615074
1.598876
1.541086
1.524047
0.986509
1.015773
0.983416
0.347495
0.396088
0.280042
0.283487
0.300158
0.315063
0.357033
0.307060
0.332931
0.353744
0.374717
0.395564
0.354451
0.406366
0.406706
0.362164
0.370742
0.332525
0.386044
0.389167
0.192425
0.184226
0.193197
0.630478
0.608906
0.649453
0.656951
1.431178
1.435478
1.430070
1.412983
1.396618
1.405064
1.376035
1.365946
1.355812
1.368748
1.353677
1.347755
1.358697
1.368400
1.397521
1.408057
1.426886
1.457394
1.438835
1.496284
1.540597
1.472123
1.426839
0.679670
0.262366
0.332541
0.351199
0.364267
0.380884
0.307315
0.216392
1.306881
1.149398
1.130835
1.112739
0.659619
0.781639
0.744704
0.168839
0.158211
0.127774
0.136709
0.158918
0.181206
0.203079
0.150870
0.164803
0.188767
0.229584
0.219942
0.998388
1.001734
1.000008
0.998205
1.002911
0.970135
0.967255
1.339124
1.312758
1.296298
1.336702
1.378586
1.371096
1.383680
1.397521
1.417232
1.403245
1.367137
1.403159
1.405179
1.422992
1.161823
0.177394
0.181590
1.147853
0.723670
0.729140
0.766625
0.764977
0.802575
0.830445
0.844847
0.881116
0.857636
0.853026
0.835003
0.817694
0.784569
0.799095
0.734168
0.758451
0.692033
0.555111
1.322990
1.329071
1.361344
1.237049
1.212094
1.286452
1.245368
1.263259
1.212068
1.311339
1.285233
1.359166
0.441159
1.291921
1.296290
1.268382
1.231122
1.253025
1.439014
1.428940
1.465285
1.422054
1.454234
1.440901
1.415342
1.452540
1.462649
1.390881
1.424898
1.440971
1.396268
1.382932
0.998436
1.016221
1.040767
1.012954
0.229986
0.239264
0.338019
0.310090
0.341005
1.239576
1.263654
0.597467
0.563901
0.609390
0.317292
0.588560
0.779137
0.791595
0.815215
0.873692
0.872595
1.497632
1.524125
1.550525
1.535244
1.520335
1.488365
1.464892
1.472496
1.439838
1.488836
1.433456
1.392683
1.470360
1.455246
1.473527
1.495795
1.502081
1.492143
1.497579
1.437768
1.404371
1.420395
1.423297
1.441461
1.409981
1.457591
1.467967
1.536147
1.487680
1.493484
1.455067
1.459732
1.448407
1.433767
1.405971
1.387359
0.898164
0.880628
0.845129
0.878346
0.902602
0.885362
0.600710
0.574292
1.666353
1.699660
1.715117
1.690464
1.650859
1.600235
1.591519
1.603237
1.570545
1.561254
1.568925
1.600288
1.596264
1.659581
1.645929
1.625714
1.619124
1.631598
1.614020
0.431036
0.535826
1.409852
1.246324
1.281304
1.284391
0.338081
0.363079
0.345278
1.659922
1.681940
1.691446
1.633640
0.276755
1.449101
1.066198
0.465188
0.498056
0.318189
0.293778
0.303917
0.265800
0.314202
0.349349
0.344406
0.198644
1.687236
0.579704
0.569230
0.647140
0.658372
0.761374
0.733547
0.691434
0.674956
0.427676
0.443226
0.457173
0.512105
0.534882
0.541194
0.581527
0.611830
0.650827
0.627417
0.605968
0.556553
0.510793
0.483712
0.493304
0.467312
0.475154
0.508199
0.477430
0.523803
0.586493
0.444694
0.236884
1.285971
1.255192
1.210234
1.227945
1.235722
1.258130
1.281395
1.306645
1.335082
1.317612
1.289868
1.234717
1.204662
1.167751
1.145839
1.092561
1.049656
0.939661
0.935102
0.966966
0.989621
1.009522
1.017601
1.042924
1.081903
1.099109
1.113975
1.134316
1.018517
1.041563
1.055648
0.966243
1.223752
1.189379
1.138190
1.110610
1.308869
1.278870
1.253922
1.272120
1.206132
1.234193
1.194206
1.134773
1.122559
1.030776
1.186440
1.183286
1.169435
1.145375
1.261965
1.099377
0.342671
0.350041
1.682103
1.663922
1.643555
1.632619
1.487062
1.459420
1.482447
1.507558
1.527084
1.594358
1.569009
1.535103
1.486868
1.517765
1.538592
1.504865
1.530452
0.709629
0.261519
1.260042
0.338852
0.328910
0.261792
0.302300
0.820976
1.690766
1.659547
0.936321
0.960063
1.288538
1.332152
1.357527
1.514568
1.442931
1.430697
1.409895
1.393914
1.144419
1.181491
1.183150
1.155739
1.171766
1.133944
1.060380
1.049402
1.013443
1.012611
0.985556
0.962469
0.946875
0.975367
0.939173
0.988388
0.999354
1.084550
1.052277
1.035702
1.007366
0.975911
0.962852
0.929296
0.970759
0.984910
1.052031
1.089566
1.101843
1.066226
1.047228
1.009062
0.991260
1.028723
1.025796
1.002785
1.158704
1.150095
1.114159
1.117721
1.171759
1.189247
1.175903
1.135591
1.077802
1.074743
1.145332
1.023918
0.352409
1.675580
0.508400
0.533555
0.589757
0.612519
0.721767
0.691657
0.705594
0.637582
0.606511
1.688239
1.245919
1.219506
1.238966
0.851791
1.093767
0.358990
0.360806
1.433525
1.478322
1.164171
1.106150
1.127873
1.084961
1.126117
1.104468
1.071604
1.159582
1.122282
0.374794
0.411008
0.493615
0.475329
1.243190
1.267069
1.272684
1.342774
1.175585
1.154192
1.149961
1.162856
0.513615
1.561001
1.101431
1.095738
1.063076
1.504286
1.633395
1.065743
1.081013
0.570490
0.600361
0.587845
1.648051
0.842628
0.811227
0.817606
0.432843
0.456859
0.485709
0.458388
0.424634
0.459842
1.323537
1.571624
1.233731
0.387129
0.368003
0.356227
1.319986
1.352234
1.312736
1.569726
1.524431
1.540096
1.090279
1.088180
1.022893
1.078829
1.065378
1.088711
1.144634
1.110716
1.178686
1.210238
1.257725
1.241140
1.209767
1.179975
1.229738
1.204669
1.288572
1.255224
1.299617
1.275320
1.283201
1.305122
1.305894
1.373993
1.132928
1.106300
1.124285
1.101746
1.118962
1.138123
1.121295
1.471859
1.489563
1.242717
1.213742
0.648865
1.501844
1.524581
1.499351
1.519413
1.544257
1.333883
1.265837
0.644426
0.631060
0.599361
0.594071
0.492032
0.539087
0.437293
0.464084
0.491506
1.486536
0.990536
0.943555
0.939549
0.967952
1.016347
0.975952
0.975519
1.005651
1.051455
0.903820
0.514743
1.047123
0.980147
0.981476
1.301277
0.934625
0.713529
0.763810
0.690343
0.695504
0.703361
0.730083
0.734997
0.670573
0.650556
0.684335
0.750692
0.715317
0.748572
0.743120
0.704946
0.725395
0.698381
0.752408
0.752886
0.741464
0.748091
0.717993
0.763753
0.707594
0.387851
1.455531
1.435215
1.417493
0.894484
0.878305
0.850741
0.843382
0.813660
0.787702
0.870408
0.520527
1.314973
1.319379
0.566422
0.585856
0.616799
0.590898
0.553461
0.543865
0.581780
0.615683
0.548997
0.524807
0.541966
0.506705
0.526152
0.552393
0.488960
0.518281
0.398709
0.420538
0.393243
0.414935
0.366826
0.470519
0.497748
0.505204
0.476492
0.533655
0.534055
0.556558
0.535589
0.443671
0.403761
0.455615
0.451601
1.346214
1.384462
1.534449
1.508456
1.481162
1.444708
1.448643
1.476780
1.547897
1.145556
0.798194
0.778221
0.807040
0.782461
0.767951
0.777783
1.480882
1.473751
1.450337
0.629241
0.660271
0.686518
0.642145
0.675380
0.707777
0.681551
1.389188
1.341202
1.393672
1.359908
1.382306
1.403011
1.371704
1.345383
1.364481
1.352355
1.358448
0.632698
0.512415
0.557603
0.582308
0.587674
0.564806
0.550585
0.596239
0.576390
0.621073
0.616885
0.529922
0.558067
0.512507
0.597744
0.488700
0.604788
1.247196
1.217384
1.241917
1.246378
1.269929
0.912041
0.885201
0.847188
0.894722
0.926432
0.964030
0.952782
0.885946
0.911273
0.655231
0.881557
1.551475
1.516214
1.573838
1.522309
1.491442
1.467982
1.485569
1.540937
1.480059
1.401960
1.429110
1.426324
1.387013
1.361919
1.368384
1.397027
1.429024
1.385714
1.388034
1.450919
1.026761
1.035397
0.980641
0.888265
0.867181
0.931549
0.920507
0.911775
0.892547
0.861917
0.946707
0.894244
0.862153
0.841131
0.846810
0.822558
1.297297
1.013047
1.036835
1.015569
1.020107
0.946783
1.509073
1.487863
1.455245
1.007673
0.934963
0.887419
0.867965
0.874092
0.900631
0.651066
0.685224
0.710714
0.726820
0.743875
0.755058
0.759447
0.729998
0.699043
0.625987
0.647350
0.702817
0.698329
0.707239
0.673750
0.668323
0.744777
1.208884
1.238792
1.281591
1.278480
1.306801
1.280077
1.222776
1.246659
1.251616
1.280535
1.250205
1.191716
1.179585
1.166987
1.134079
1.123700
1.112059
1.149308
1.162824
1.189137
1.147160
1.263605
1.221277
1.233406
1.266340
1.315031
1.334265
1.338286
1.143929
1.172187
1.200828
1.196671
1.113341
1.056918
1.063812
1.304267
1.311162
0.937969
1.225387
1.200791
1.174084
1.153213
1.152668
1.222007
1.191040
1.175552
1.251452
1.228997
1.229433
0.762864
0.770485
0.503738
1.040344
1.072770
1.072761
0.681836
0.692112
0.715739
0.717855
0.681470
0.794798
1.158756
1.392027
1.050304
1.073146
1.002990
0.981310
0.962133
0.964945
0.940852
0.799897
0.642630
0.661458
0.694563
1.021515
1.031365
0.945681
0.909874
0.917231
0.880976
0.935481
0.891158
0.898996
0.932861
0.926892
0.821030
0.831439
0.741713
1.396059
1.394866
1.361333
1.330092
1.280639
1.269800
1.225798
1.341946
1.309422
1.515416
1.127102
0.805682
0.819982
0.842640
0.776881
0.771804
0.816187
0.839431
0.758593
0.725665
0.758951
0.787924
0.794872
0.801069
0.772287
0.826328
0.817595
0.764145
0.791416
0.779236
0.807711
1.383454
1.331756
1.354942
1.365753
1.143036
0.959831
0.952527
0.856310
0.849900
0.932693
0.874777
0.796773
1.323192
1.289490
1.286591
1.254037
1.225299
1.245311
1.216677
1.310900
1.329821
1.305822
1.303947
1.272717
1.277675
1.281866
1.293869
1.276020
1.180559
0.927467
0.946928
0.802035
0.775288
0.763709
0.787860
1.373648
0.913184
0.839510
0.816121
0.871229
0.872609
0.865986
0.840750
0.627515
0.642792
0.673179
1.458687
1.415403
1.479730
1.420564
0.883638
0.995343
1.437660
1.299509
1.291924
1.290109
1.264771
1.273874
1.293525
1.050568
1.253748
1.252817
1.215835
1.203882
1.172061
1.187108
1.359660
1.073789
1.061570
1.067205
1.079084
1.108510
1.093670
1.001546
1.018142
1.033757
1.001221
1.042864
1.269930
1.273414
1.251366
1.219195
1.188443
1.158496
1.170822
1.208128
1.250545
1.290338
1.234633
1.255853
1.235495
1.281025
1.326409
1.343116
1.245679
1.097904
1.444066
1.461158
0.679940
0.659439
0.638316
0.655228
1.357358
1.338932
1.361758
1.185451
1.158130
1.398584
1.328187
1.355949
1.032195
1.089850
1.062997
1.115973
0.870387
0.872784
1.366200
1.347434
1.322176
1.301223
0.937029
0.940821
0.968581
0.726998
1.196979
1.302668
1.230221
1.038631
1.080679
1.097374
1.097654
1.132169
1.173371
1.205799
1.236114
1.192175
1.145275
1.134315
1.125877
1.117290
1.158618
1.048955
1.074447
1.081927
1.105362
1.135072
1.140843
1.137067
1.126558
1.099356
1.177558
1.179364
1.158971
1.143637
1.109051
1.156174
1.216200
1.256058
1.088503
1.060081
1.085813
1.059982
1.064751
1.057705
0.630732
1.310531
0.885919
0.914515
0.927815
0.942845
0.959852
0.965030
1.219529
0.977165
0.999399
1.005232
1.020695
1.058180
1.038500
0.919818
0.907863
0.954163
1.109388
1.034155
1.286877
1.623359
1.434177
1.418965
1.458085
1.430433
1.381148
1.404922
1.379378
1.413053
1.398643
1.443078
