85.419547	0.0002817674	0.084995	0.0010000000	0.281767
72.8591300000	0.0007050723	0.1176010000	76.0000000000
85.419547	0.0002817674	0.075013	0.0010000000	0.281767
72.8591300000	0.0007050723	0.1156170000	76.0000000000
165.3457950000	0.0001637958	0.2303850000	176.0000000000
119.7574900000	0.0002846625	0.1714540000	126.0000000000
142.6994810000	0.0002147979	0.2017620000	151.0000000000
130.7709730000	0.0002473296	0.1846350000	138.0000000000
125.2643520000	0.0002646225	0.1800110000	132.0000000000
122.5128400000	0.0002740511	0.1755470000	129.0000000000
120.6777190000	0.0002809904	0.1746060000	127.0000000000
266.309173	0.0000293655	0.110183	0.0001000000	0.293655
334.5325160000	0.0000433466	0.4294320000	375.0000000000
412.8858540000	0.0000278087	0.5082600000	475.0000000000
374.2313280000	0.0000340561	0.4651830000	425.0000000000
393.6885670000	0.0000304984	0.4812640000	450.0000000000
402.9429270000	0.0000291383	0.5036020000	462.0000000000
398.3249960000	0.0000298470	0.5006580000	456.0000000000
400.6358810000	0.0000294806	0.5065440000	459.0000000000
401.4041120000	0.0000293463	0.5131700000	460.0000000000
