1.725329
1.746394
1.722721
1.695069
1.712544
1.689614
1.711629
1.697658
1.726199
1.711055
1.717059
1.693377
1.641752
1.615734
1.601908
1.566970
1.516607
1.535436
1.523146
1.546265
1.591658
1.618839
1.635269
1.668689
1.766578
1.772821
1.745925
1.741614
1.739959
1.690630
1.661811
1.639582
1.606282
1.590685
1.531577
1.478677
1.420630
1.387217
1.371117
1.360054
1.356728
1.351288
1.380387
1.445705
1.428801
1.433518
1.405073
1.417093
1.375349
1.353189
1.391667
1.406721
1.422752
1.386278
1.380447
1.780211
1.768887
1.736635
1.701374
1.617898
1.588897
1.566108
1.512231
1.495248
1.451081
1.384732
1.385107
1.344243
1.316207
1.288426
1.286412
1.255062
1.207018
1.198283
1.240137
1.238186
1.208209
1.179203
1.151785
1.136241
1.101134
1.089768
1.112369
1.060460
1.092223
1.044011
1.029426
1.077829
1.070107
1.116853
1.149757
1.198326
1.177065
1.229966
1.259616
1.325491
1.351314
1.374136
1.397975
1.416855
1.418205
1.402334
1.373707
1.365328
1.327139
1.307965
1.285587
1.261915
1.224551
1.206083
1.271141
1.269426
1.297628
1.324123
1.362849
1.370131
1.398780
1.432701
1.414801
1.351122
1.332628
1.269732
1.294344
1.078438
1.125975
1.135577
1.170287
1.197735
1.182175
1.155951
1.177668
1.140238
1.107854
1.069465
1.196050
1.211088
1.247778
1.274386
1.280704
1.296404
1.308767
1.288848
1.272309
1.308419
1.343452
1.311398
1.340721
1.288611
1.273294
1.310746
1.265448
1.319398
1.236932
1.117653
1.139388
1.166000
1.113350
1.306551
1.301172
1.328967
1.317223
1.261216
1.275761
1.247711
1.289652
1.292009
1.323201
1.347779
1.374913
1.399305
1.419410
1.416485
1.450774
1.442842
1.463362
1.490735
1.494290
1.471076
1.431905
1.417521
1.278461
1.308266
1.366627
1.754192
1.752364
1.723769
1.714154
1.686387
1.648259
1.697049
1.741890
1.692405
1.707308
1.653915
1.625514
1.634054
1.672407
1.649674
1.626291
1.697903
1.673589
1.751901
1.690125
1.663462
1.661850
1.676695
1.723205
1.706797
1.783098
1.773317
1.747954
1.718768
1.674983
1.625125
1.621056
1.584618
1.649267
1.621180
1.506837
1.489368
1.385396
1.361572
1.338655
1.319613
1.434553
1.460861
1.482412
1.512028
1.541887
1.549711
1.577988
1.597088
1.568011
1.530988
1.474135
1.452893
1.481069
1.536254
1.587551
1.622030
1.501452
1.550534
1.550205
1.582718
1.605008
1.754888
1.675621
1.653344
1.651164
1.594175
1.564931
1.554335
1.532997
1.600378
1.563195
1.735915
1.671688
1.658748
1.600576
1.625678
1.655474
1.688427
1.685665
1.650385
1.632288
1.664489
1.675402
1.615879
1.598804
1.543135
1.576287
1.502934
1.519438
1.422893
1.438007
1.469295
1.517165
1.500025
1.526685
1.481141
1.462114
1.439463
1.449933
1.424690
1.405134
1.383420
1.414222
1.536217
1.541686
1.534833
1.499017
1.474875
1.565463
1.507541
1.469467
1.452895
1.530120
1.507763
1.502860
1.644467
1.590845
1.579596
1.627403
1.576768
1.656885
1.627078
1.621457
1.565141
1.453043
1.398567
1.612039
1.579984
1.593707
1.597542
1.559476
1.538846
1.530782
1.563483
1.557555
1.625052
1.588151
1.478429
1.403271
1.414985
1.351571
1.309555
1.290382
1.258940
1.264301
1.327717
1.361502
1.521549
1.537061
1.467114
1.460595
1.433745
1.503608
1.475388
1.557009
1.497249
1.451154
1.455689
1.424047
0.940478
0.913692
0.878093
0.859903
0.831042
0.790801
0.724063
0.719272
0.689145
0.693047
0.654700
0.567883
0.509183
0.514619
0.488674
0.526235
0.497100
0.529791
0.530346
0.508831
0.517839
0.519367
0.547354
0.570294
0.548806
0.599926
0.621031
0.634923
0.651470
0.641857
0.650042
0.665166
0.712043
0.732445
0.762047
0.780256
0.786841
0.827837
0.885648
0.908917
0.930067
0.939189
0.957614
0.979066
0.955758
0.954925
0.943609
0.921329
0.918161
0.884893
0.859383
0.841145
0.837218
0.749499
0.738086
0.708923
0.657064
0.652133
0.601577
0.600335
0.604986
0.581024
0.606308
0.586146
0.599958
0.568266
0.617865
0.613342
0.648706
0.678524
0.720206
0.733773
0.770564
0.754746
0.778420
0.789347
0.749831
0.743162
0.765517
0.825058
0.831179
0.851891
0.797527
0.602251
0.614838
0.575041
0.571352
0.555322
0.586868
0.582737
0.555375
0.537249
0.580181
0.684223
0.710289
0.723651
0.743522
0.683544
0.710561
0.656248
0.652160
0.621995
0.594084
0.548201
0.535455
0.497296
0.615445
0.578498
0.567492
0.563439
0.579817
0.734245
0.758435
0.744806
0.776938
0.791874
0.777171
0.871834
0.872621
0.906952
0.933010
0.931636
0.959043
0.990740
0.965806
0.973442
1.013698
1.047501
1.074940
1.110364
1.136621
1.200950
1.177022
1.148258
1.123271
1.134616
1.102511
1.061719
1.060361
1.044738
1.006891
0.928730
0.896190
0.862303
0.860088
0.896181
0.801702
0.772758
0.893962
0.861647
0.819530
0.803886
0.855307
1.094497
1.104769
1.165815
1.079133
1.139012
1.043524
1.007700
1.006687
1.007852
0.986502
0.963859
0.906308
0.875347
0.821763
0.815921
0.847835
0.856656
0.900583
0.883925
0.795307
0.821967
0.835366
0.862526
0.872090
0.746796
0.763966
0.741442
0.787522
0.833244
0.802177
0.817427
0.806410
0.839103
0.858575
0.897049
0.948077
0.988357
1.021973
1.012943
0.993443
0.952899
0.935277
0.894619
0.874136
0.846315
0.818238
0.796962
0.776947
0.795765
0.811588
0.853931
0.802013
0.779703
0.783684
0.753227
0.733376
0.727360
0.753540
0.711947
0.702237
0.698533
0.710542
0.700915
0.682188
0.754155
0.847737
0.869118
0.851643
0.827844
0.854876
0.859043
0.870480
0.853351
0.912054
0.891486
0.917997
0.934282
0.888350
0.989529
0.986505
1.023115
1.042703
1.051269
1.104046
1.066899
1.059279
1.083298
1.111594
1.091453
1.068826
1.036857
1.100470
1.155162
1.127582
1.199677
1.191523
1.206262
1.213650
1.229381
1.261276
1.289413
1.366805
1.406347
1.412567
1.432435
1.449916
1.423848
1.410521
1.428469
1.406178
1.417418
1.418197
1.424192
1.406266
1.413381
1.405750
1.443833
1.468509
1.502626
1.491805
1.451980
1.433202
1.426522
1.415364
1.446150
1.456724
1.463485
1.477554
1.443221
1.423113
1.396419
1.349380
1.309324
1.339708
1.317028
1.277080
1.294164
1.265115
1.222666
1.169071
1.145438
1.167053
1.131598
1.111003
1.098053
1.185633
1.203793
1.212168
1.223098
1.247013
1.244589
1.280258
1.279405
1.323013
1.345183
1.375744
1.378476
1.405797
1.164243
1.192573
1.241323
1.271565
1.238922
1.211778
1.217841
1.240419
1.220035
1.197278
1.161333
1.190923
1.219218
1.402134
1.382897
1.353488
1.372377
1.409920
1.424373
1.397367
1.328079
1.403358
1.441543
1.448709
1.467597
1.496244
1.529162
1.530374
1.506095
1.477126
1.444584
1.375518
1.348720
1.316957
1.477587
1.494142
1.415029
1.344995
1.326640
1.299238
1.298786
1.276746
1.245280
1.228813
1.203230
1.185826
1.226145
1.270702
1.289650
1.292315
1.295430
1.271561
1.263338
1.246636
1.210384
1.292288
1.288064
1.340955
1.347410
1.323507
1.314857
1.323824
1.379540
1.373287
1.394909
1.395017
1.386266
1.377523
1.350845
1.328592
1.370552
1.337871
1.300186
1.362832
1.323768
1.347754
1.303054
1.322418
1.327555
1.328876
1.301248
1.243287
1.238699
1.214265
1.193780
1.176211
1.163164
1.142464
1.150241
1.172392
1.192302
1.263498
1.219617
1.123079
1.124294
1.087839
1.063121
1.068130
1.037078
1.032889
0.998186
0.972765
0.957609
0.921721
0.874801
0.853696
1.016152
1.250189
1.193864
1.158712
1.103663
1.095125
1.227806
1.197860
1.300692
1.263262
1.233794
1.220371
1.207747
1.216062
1.239115
1.284453
1.297731
1.321680
1.284891
1.268346
1.302199
1.261312
1.222498
1.191121
1.183407
1.169204
1.170989
1.139269
1.163039
1.167797
1.199368
1.220192
1.148224
1.135335
1.112471
1.086190
1.060585
1.044075
1.021821
0.969514
0.936858
0.898331
0.876003
0.848280
0.774111
0.677573
0.650173
0.650513
0.625257
0.612094
0.627178
0.599967
0.623018
0.653315
0.674024
0.647349
0.650147
0.617126
0.638730
0.606323
0.515615
0.499708
0.427893
0.467009
0.446246
0.460829
0.493365
0.531029
0.575085
0.643374
0.682268
0.705365
0.672885
0.713406
0.685045
0.667706
0.633650
0.671797
0.644986
0.676687
0.644947
0.644482
0.615757
0.636047
0.603429
0.604438
0.659646
0.694999
0.763993
0.762696
0.795989
0.780794
0.813878
0.830897
0.862295
0.936179
0.926467
1.006549
0.981107
0.970996
0.950825
0.949689
0.918138
0.883421
0.857969
0.927980
0.891759
0.901064
0.866258
0.811118
0.845814
0.811733
0.778571
0.628928
0.647207
0.671163
0.698576
0.755213
0.822339
0.816851
0.878099
0.881361
0.889623
0.921358
0.927485
0.947643
0.942049
0.983620
1.038098
1.089741
1.169547
1.144545
1.151279
1.147008
1.119348
1.205054
1.181512
1.202246
1.172651
1.150615
1.139134
1.120529
1.112683
1.080183
1.089483
1.065015
0.929086
0.861009
0.835360
0.760858
0.741344
0.725840
0.706546
0.707192
0.748317
0.740707
0.767186
0.788882
0.705099
0.665426
0.626574
0.644480
0.619346
0.729371
0.724817
0.670469
0.685609
0.700937
0.674297
0.665956
0.647972
0.613934
0.625513
0.619170
0.703995
0.684981
0.677604
0.701458
0.733198
0.866808
0.856347
0.877208
0.843152
0.846282
0.868950
0.864956
0.886257
0.954142
0.983552
1.098170
1.137878
1.115481
1.147939
1.085096
1.110166
1.143128
1.146964
1.157387
1.160751
1.180403
1.248423
1.294905
1.272742
1.288989
1.122178
1.160192
1.181077
1.187787
1.151705
1.095201
1.048024
1.021649
0.993989
0.925788
0.890139
0.864345
0.889079
0.921887
0.912355
0.982892
1.015702
1.082293
1.116115
1.128760
1.132112
1.072480
1.006946
1.017784
0.950342
0.904853
0.935424
0.937968
0.969337
0.902423
1.041436
1.047067
0.985357
0.962527
0.938672
0.813075
0.779213
0.799775
0.734249
0.768201
0.768534
0.793639
0.853686
0.793007
0.825489
0.858610
0.857503
0.835103
0.782968
0.757921
1.001368
1.050991
1.070212
1.121424
1.188155
1.221723
1.240479
1.244018
1.224928
1.189237
1.184658
1.217625
1.267728
1.265617
1.251033
1.226182
1.201424
1.169429
1.173223
1.220352
1.231774
1.262987
1.287045
1.266676
1.262377
1.304261
1.279504
1.272811
1.249043
1.279875
1.241836
1.299543
1.297613
1.292389
1.198080
1.218646
1.140123
1.153396
1.093290
1.179704
1.169991
1.205349
1.190860
1.217310
1.204631
1.162630
1.124322
1.045282
0.907033
0.929248
0.893589
0.914609
0.912822
0.911788
0.967436
0.974736
1.031985
1.020389
1.017788
1.016585
1.044974
1.065732
1.091016
1.032691
1.053032
1.017405
0.989015
0.997381
0.983689
0.971405
0.925720
0.935766
0.938019
0.882505
0.855369
0.820304
0.919352
0.914065
0.881914
0.885144
0.903597
0.853710
0.882006
0.846979
0.815500
0.848491
0.899574
0.935321
1.001006
0.966127
0.999308
0.948541
0.920929
0.964306
0.960169
0.991553
0.997618
0.990006
0.955759
1.028794
1.052537
1.013265
1.034834
1.068077
1.007729
0.997203
1.015447
1.037599
1.097482
1.124930
1.170487
1.182604
1.133568
1.110240
1.075769
1.116703
1.071445
1.037610
1.028960
0.995097
1.001043
1.027044
1.023546
1.054733
1.049431
1.018087
1.042010
1.110863
1.137583
1.196623
1.168841
1.135993
1.148331
1.124801
1.098476
1.069668
1.067161
1.014640
1.012243
0.983264
0.992898
0.940519
0.973594
0.919946
0.934552
1.028601
1.077901
1.101276
1.191290
1.216435
1.233508
1.200396
1.212877
1.186970
1.175127
1.160111
1.147141
1.112998
1.151283
1.237604
1.266618
1.279947
1.251474
1.228153
1.235272
1.189389
1.159678
1.193697
1.194760
1.147034
1.137068
1.112068
1.079814
1.045160
1.021712
0.976709
0.957335
0.975900
1.109565
1.051298
1.086653
1.055795
1.164721
0.951094
0.927616
0.865657
0.854166
0.831599
0.829861
1.106227
1.063702
1.052388
1.070858
1.057414
1.028304
1.039674
1.051482
1.024486
1.095334
1.090468
1.094834
1.159426
1.181029
1.146422
1.150457
1.119110
1.176849
1.164507
1.170694
1.100666
1.048642
1.013747
1.103816
1.146240
1.144325
1.123876
0.982147
1.013655
0.951923
0.983159
0.972883
1.009242
1.030308
1.055807
0.994461
1.035446
1.013186
0.986022
0.986454
1.015394
0.926509
0.904230
1.044229
1.020594
1.048257
1.077447
1.062700
1.058519
1.114530
1.091025
1.124074
1.087509
0.699001
0.683990
0.631982
0.580369
0.570362
0.548384
0.520393
0.544718
0.541622
0.572737
0.605376
0.615787
0.599160
0.619071
0.592505
0.521382
0.462766
0.516179
0.547684
0.575767
0.578303
0.555175
0.487346
0.416276
0.381929
0.370740
0.345373
0.357844
0.333230
0.307633
0.267059
0.293888
0.307567
0.336944
0.359690
0.333133
0.312009
0.333495
0.327817
0.304006
0.300497
0.299072
0.303857
0.305232
0.311296
0.278780
0.262967
0.160604
0.151384
0.185879
0.217403
0.236682
0.255128
0.265126
0.249437
0.283446
0.183779
0.201081
0.191573
0.218645
0.254547
0.311108
0.313656
0.290410
0.252633
0.259276
0.198160
0.213207
0.168237
0.138070
0.134552
0.077450
0.137430
0.188951
0.195543
0.225085
0.248759
0.219106
0.237573
0.312319
0.311671
0.351859
0.337791
0.277428
0.251411
0.220993
0.202571
0.179257
0.150973
0.190027
0.160850
0.185129
0.170656
0.159817
0.114077
0.106990
0.146313
0.257125
0.433009
0.499802
0.459557
0.392981
0.315801
0.284604
0.289576
0.315773
0.325663
0.324308
0.317349
0.351634
0.333632
0.359803
0.383995
0.408838
0.430973
0.447357
0.473736
0.408471
0.348395
0.360761
0.386733
0.299640
0.515694
0.469526
0.815413
0.776458
0.752082
0.682859
0.679980
0.669217
0.642602
0.647749
0.653169
0.680217
0.714305
0.709524
0.720122
0.769381
0.751209
0.788999
0.830047
0.830760
0.861591
0.872540
0.899247
0.963238
0.989974
1.012768
1.066918
0.796064
0.787361
0.774264
0.789548
0.786650
0.798177
0.784203
0.748581
0.796867
0.757703
0.765561
0.787170
0.826237
0.803382
0.822763
0.834292
0.783697
0.750881
0.755877
0.738798
0.699251
0.699159
0.727363
0.704687
0.718458
0.760446
0.709097
0.748265
0.738844
0.742558
0.712131
0.720553
0.727968
0.706427
0.674074
0.759423
0.732934
0.755083
0.756712
0.723988
0.728051
0.723185
0.698946
0.682249
0.706186
0.679215
0.676382
0.697809
0.697589
0.673475
0.813466
0.765464
0.756564
0.761299
0.787854
0.829199
0.865862
0.918999
0.964496
0.974261
0.921179
0.967865
0.994968
1.024834
0.989454
1.018494
1.044855
0.987641
0.979183
0.760989
0.800182
0.798548
0.769907
0.816346
0.801734
0.824935
0.874073
0.960407
1.006465
1.031100
1.024723
0.736090
0.710177
0.771983
0.774007
0.812332
0.801510
0.856966
0.831513
0.876167
0.900786
0.940551
1.021633
0.993475
0.961730
0.939705
0.905242
0.875742
0.840434
0.819947
0.868022
0.849575
0.986116
1.026686
1.057986
1.005963
0.972764
0.966826
0.937112
0.897671
1.332915
1.262634
1.362518
1.356532
1.376193
1.375493
1.427321
1.469334
1.352360
1.245179
1.491971
1.436750
1.403806
1.342800
1.279173
1.245865
1.212220
1.230723
1.281678
1.320201
1.312917
1.317871
1.240972
1.255581
1.202850
1.446983
1.361647
1.352250
1.335038
1.381631
1.404115
1.381899
1.430359
1.402722
1.384710
1.359018
1.349138
1.387736
1.358531
1.350635
1.380108
1.389413
1.383371
1.420913
1.428595
1.409041
1.378929
1.415696
1.367421
1.449623
1.399673
1.515374
1.505969
1.516283
1.488929
1.506795
1.535482
1.453243
1.478315
1.398988
1.369038
1.309236
1.270137
1.281783
1.257720
1.229310
1.205289
1.194887
1.186770
1.167272
1.147868
1.128695
1.124007
1.072151
1.067497
1.021606
0.998155
0.978482
0.970836
0.993026
0.981887
0.980688
0.979372
0.931837
0.944679
1.015728
1.044517
1.065700
1.085184
1.001289
1.030161
0.991301
0.971127
0.912362
1.000141
1.018044
1.120757
1.096365
1.074518
1.021080
1.004288
0.980624
0.926860
0.869872
0.853291
0.830629
0.811977
0.767837
0.717173
0.710951
0.670647
0.632975
0.597369
0.572828
0.506239
0.477663
0.430339
0.388025
0.355488
0.321437
0.286733
0.242319
0.278361
0.307147
0.283663
0.310645
0.359641
0.400221
0.441128
0.458746
0.473160
0.476843
0.513876
0.538619
0.579924
0.579518
0.648415
0.660865
0.654106
0.627428
0.601591
0.568580
0.563153
0.622299
0.633082
0.679536
0.711988
0.739748
0.765072
0.811440
0.891291
0.888259
0.918424
0.890522
0.904825
0.890520
0.863026
0.830304
0.814063
0.790977
0.725912
0.802886
0.833000
0.890818
0.947425
0.957472
0.910119
0.896078
0.780737
0.817040
0.850495
0.841358
0.884450
0.890168
0.922189
0.944482
1.003464
0.973589
1.028047
1.028499
1.058694
1.054583
1.095149
1.144899
1.220700
1.233297
1.264173
1.283981
1.320637
1.310729
1.325902
1.295522
1.305939
1.269163
1.246732
1.231801
1.206209
1.320780
0.790077
0.817940
0.788909
0.767676
0.731376
0.628596
0.605266
0.582653
0.563657
0.586433
0.554101
0.575774
0.715562
0.656116
0.688356
0.706400
0.729603
0.705679
0.739548
0.689919
0.681352
0.831440
0.876672
0.844671
0.802617
0.753708
0.766402
0.770812
0.778048
0.754732
0.777889
0.629674
0.589803
0.723054
0.742266
0.730603
0.847402
0.550541
0.544448
0.518504
0.499048
0.476284
0.470429
0.481252
0.448685
0.472813
0.481847
0.455325
0.465295
0.497148
0.469926
0.432572
0.464574
0.465029
0.521598
0.490340
0.419417
0.428985
0.337306
0.355268
0.483652
0.495153
0.399018
0.375228
0.383118
0.465657
0.477091
0.464652
0.458553
0.463529
0.443488
0.471269
0.483585
0.452344
0.485983
0.457621
0.441875
0.520989
0.528439
0.494444
0.559000
0.547393
0.578775
0.585219
0.591367
0.581524
0.570323
0.592572
0.622992
0.655833
0.620674
0.652304
0.667321
0.642808
0.658657
0.641766
0.660729
0.646482
0.617621
0.614902
0.587074
0.598517
0.544123
0.520043
0.535152
0.554634
0.525080
0.528641
0.616359
0.568693
0.624694
0.596258
0.567211
0.541757
0.593909
0.515768
0.489623
0.472407
0.608283
0.689521
0.717810
0.754212
0.783961
0.759268
0.738287
0.707543
0.691853
0.683565
0.674785
0.729627
0.777961
0.705354
0.719766
0.645602
0.673411
0.812721
0.791799
0.848093
0.900657
0.961828
0.943351
0.972187
0.970665
0.916913
0.896718
0.892598
0.783845
0.761483
0.716807
0.612712
0.583964
0.536297
0.543522
0.591827
0.571599
0.561418
0.681195
0.686418
0.700187
0.674461
0.898499
0.893859
0.869017
0.836049
0.698587
0.728661
0.701035
0.677384
0.668978
0.665562
0.700479
0.674449
0.814664
0.760099
0.771949
0.769111
0.737433
0.691950
0.735844
0.785963
0.791038
0.807557
0.829126
0.796535
0.795585
0.756547
0.729076
0.770831
0.761410
0.834378
0.855396
0.877303
0.871659
0.892245
0.905874
0.729918
0.752760
0.830983
0.819598
0.804805
0.837905
0.858781
0.833571
0.844717
0.867454
0.865903
0.916231
0.768285
0.716232
0.720695
0.750004
0.777199
0.754239
0.720890
0.689570
0.636130
0.551804
0.499775
0.474756
0.509145
0.501293
0.437966
0.410681
0.381930
0.360732
0.430960
0.388893
0.399309
0.363646
0.440134
0.427358
0.411073
0.421624
0.429611
0.495381
0.556682
0.492041
0.509495
0.522888
0.543357
0.506388
0.461532
0.440709
0.511789
0.537035
0.537655
0.492508
0.490629
0.467475
0.537613
0.509828
0.507335
0.585998
0.572999
0.607556
0.638441
0.597643
0.578226
0.535544
0.551137
0.525816
0.524504
0.597200
0.619428
0.634991
0.657228
0.680526
0.707571
0.740720
0.747437
0.805246
0.791369
0.765447
0.772591
0.727867
0.683473
0.663628
0.707566
0.689448
0.740537
0.722198
0.694566
0.663991
0.646513
0.661397
0.690747
0.687772
0.706136
0.732738
0.757822
0.764289
0.810252
0.843219
0.870575
0.916298
0.943741
0.998130
1.027738
1.061267
1.073987
1.036782
1.053278
1.024950
1.020268
0.967741
0.940864
0.918049
0.868073
0.882150
0.882587
0.907490
0.887048
0.864887
0.874359
0.838662
0.812368
0.784654
0.785658
0.838387
0.823452
0.859385
0.902385
0.945273
0.941237
0.949664
0.973528
1.030609
1.041188
1.040591
1.016040
1.003857
1.002189
0.997916
0.974875
0.992520
0.922420
1.056841
1.113510
1.165871
1.205289
1.257571
1.228641
1.204476
1.289930
1.288545
1.287732
1.291074
1.303978
1.281464
1.261709
1.228973
1.229329
1.195874
1.196475
1.167080
1.145730
1.072479
1.087375
1.085029
1.103573
1.126461
1.148606
1.150871
1.201493
1.199756
1.253995
1.268792
1.104841
1.127865
1.169283
1.160141
1.160254
1.105493
1.142610
1.176128
1.234782
1.248197
1.120144
1.173051
1.075550
1.060038
0.956900
0.928697
0.969159
0.916111
1.263574
1.199489
1.206682
1.157537
1.056345
1.046790
1.017156
1.002306
0.952375
0.923185
0.920740
0.896130
1.093654
1.179467
1.197625
1.205855
1.253230
1.236908
1.258755
1.285830
1.260582
1.233858
1.230400
1.165756
1.261504
1.188692
1.167202
1.132106
1.125158
1.107943
1.105734
1.085830
1.127443
1.134924
1.168523
1.140006
1.108498
1.109354
1.111147
1.095997
1.092020
1.075964
1.049367
1.045668
1.041560
1.020098
1.046430
1.026039
1.136444
1.192528
1.152595
1.132905
1.154540
1.102457
1.161376
1.221374
1.244163
1.232267
1.076157
1.061249
1.028601
1.118294
1.027644
1.077994
0.999668
0.959131
0.992465
0.978165
0.927678
0.959056
0.992773
1.022173
0.983972
0.609954
0.531840
0.519369
0.513402
0.491181
0.463705
0.443348
0.423615
0.397658
0.365536
0.332262
0.305102
0.470480
0.437326
0.405178
0.381590
0.399984
0.452399
0.426231
0.500293
0.498192
0.496119
0.430985
0.434079
0.403222
0.330625
0.428715
0.364787
0.519457
0.510096
0.514863
0.537426
0.528811
0.488431
0.466259
0.431045
0.377200
0.384180
0.415227
0.437117
0.483608
0.477777
0.343980
0.549383
0.559030
0.550966
0.528772
0.522914
0.541178
0.536399
0.669572
0.503016
0.273838
0.246465
0.223733
0.244337
0.305054
0.272465
0.226784
0.196798
0.219800
0.205746
0.262783
0.228729
0.218453
0.276928
0.305473
0.236497
0.255731
0.248300
0.213974
0.208768
0.194660
0.225095
0.255337
0.263045
0.252713
0.240609
0.184658
0.272976
0.194238
0.168692
0.145854
0.127488
0.092537
0.060506
0.096002
0.080160
0.063582
0.114036
0.088825
0.123010
0.124515
0.099666
0.148765
0.170746
0.184926
0.174730
0.135753
0.099807
0.048399
0.032085
0.065623
0.080531
0.155940
0.193703
0.157811
0.121959
0.127313
0.160955
0.189615
0.150346
0.143426
0.287413
0.257397
0.217446
0.185742
0.107483
0.120183
0.068210
0.065708
0.085320
0.093058
0.096770
0.116838
0.138889
0.237607
0.194364
0.247170
0.217670
0.168376
0.165067
0.153378
0.225257
0.271612
0.343340
0.380548
0.399976
0.376672
0.383594
0.389211
0.374627
0.378769
0.388488
0.417189
0.450737
0.488073
0.517487
0.510948
0.575641
0.588046
0.639572
0.657235
0.685158
0.727478
0.804893
0.776154
0.815251
0.825623
0.836532
0.858838
0.851153
0.889857
0.884646
0.848795
0.830165
0.759945
0.734805
0.739033
0.716546
0.679040
0.683755
0.932860
0.938671
0.937704
0.960906
0.999142
1.039427
1.033976
0.985431
1.003957
1.032027
1.037407
0.958368
0.970113
0.954583
0.927623
0.969790
0.935431
1.011103
1.046770
0.786514
0.760384
0.740895
0.798543
0.731129
0.721355
0.696840
0.677907
0.639811
0.745307
0.742831
0.740413
0.708541
0.707980
0.653429
0.619852
0.596092
0.567057
0.543639
0.524379
0.549504
0.653311
0.644405
0.636558
0.660803
0.668045
0.682296
0.659199
0.698660
0.684163
0.573012
0.566915
0.537179
0.573051
0.552081
0.606761
0.633012
0.667966
0.611813
0.592531
0.563152
0.613042
0.630506
0.592535
0.597064
1.117986
1.116225
1.075883
1.028586
1.000585
1.138144
1.387215
1.389872
1.386950
1.382738
1.435320
1.376596
1.399278
1.375207
1.358439
1.349138
1.307332
1.275852
1.256446
1.226508
1.202824
1.226450
1.197116
1.259900
1.192457
1.170234
1.163515
1.110203
1.136139
1.361668
1.361932
1.331471
1.356397
1.327359
1.298320
1.231141
1.216428
1.198524
1.222082
1.244198
1.237835
1.221731
1.321237
1.383375
1.382239
1.353787
1.365281
1.305423
1.189112
1.379151
1.359736
1.334773
1.308348
1.279942
1.270297
1.226510
1.208061
1.174751
1.176891
1.202887
1.292611
1.324866
1.273595
1.236987
1.296909
1.318307
1.342521
1.194012
1.080451
1.059087
1.021559
0.953833
0.893565
0.951281
1.027265
1.016759
0.753528
0.774309
0.789914
0.759856
0.731891
0.949420
0.983088
0.982295
0.956974
0.930247
0.900880
0.935047
0.924091
0.890999
0.871498
0.848644
0.819417
0.898923
0.869570
0.842864
0.826153
0.811838
0.770881
0.794220
0.850106
0.820458
0.789812
0.762418
0.741880
0.704248
0.677151
0.684053
0.688744
0.693908
0.685785
0.661700
0.637407
0.641133
0.660711
0.696541
0.683909
0.674198
0.740638
0.737236
0.712232
0.712511
0.809147
0.727812
0.760609
0.742983
0.701083
0.716754
0.675598
0.647751
0.792503
0.844075
0.873466
0.837901
0.907948
1.018836
0.989145
0.972597
0.957487
1.050463
1.066631
1.112743
1.034921
1.034156
1.056637
1.067917
1.091645
1.148452
1.180042
1.170578
1.079686
1.086373
1.211962
1.188452
1.224711
1.103747
1.035271
0.993501
0.976537
1.033087
1.010615
1.045369
1.079990
1.400023
1.368617
1.433082
0.882939
0.862713
0.837344
0.928297
0.790577
1.788945
1.742414
1.778276
1.750043
1.676867
1.655192
1.658198
1.681492
1.690312
1.661686
1.639399
1.600404
1.628065
1.583645
1.565759
1.543700
1.513037
1.488631
1.447530
1.433562
1.433691
1.460092
1.456606
1.502280
1.505035
1.530232
1.572266
1.616479
1.659719
1.715491
1.705583
1.732711
1.751623
1.770692
1.794932
1.800494
1.787539
1.813854
1.808533
1.802731
1.441872
1.490553
1.515374
1.527899
1.516495
1.535344
1.526540
1.510420
1.570535
1.486011
1.481831
1.488624
1.499286
1.496915
1.467477
1.805506
1.775506
1.770874
1.748398
1.723223
1.694415
1.670387
1.646447
1.620538
1.555382
1.530632
1.541582
1.512248
1.502881
1.489845
1.455090
1.471535
1.759724
1.774953
1.779064
1.738281
1.715416
1.738616
1.717599
1.724299
1.745270
1.702836
1.661941
1.687346
1.690081
1.714240
1.723493
0.932620
0.943531
0.899003
0.961059
1.085712
1.103402
1.111777
1.145748
1.113902
1.785957
1.774291
1.750264
1.740845
1.703759
1.686887
1.728445
1.704932
1.677694
1.658473
1.639003
1.705268
1.735967
1.763173
1.726289
1.701278
1.792759
1.022447
1.135087
1.753897
1.744578
1.703289
0.935488
0.927590
0.949394
0.920148
0.969833
0.965923
0.990739
0.977281
1.011672
1.007562
1.040855
0.991537
1.066987
1.064846
1.111832
1.081096
1.135636
0.996355
1.044311
1.061457
1.017299
0.895283
0.895274
0.918627
0.907867
0.893654
0.876937
0.950055
0.973738
0.998627
0.998577
1.032070
1.034238
1.045485
1.072696
1.023362
1.004621
1.009884
1.516527
1.493767
1.473803
1.486553
1.715013
1.616526
1.637593
1.677403
1.686620
1.013080
1.049783
0.956862
0.941241
0.971321
0.971094
1.133564
1.162157
1.131702
0.828080
0.778281
1.160265
1.471370
1.449735
0.809948
0.788675
0.853320
1.102122
1.068013
1.359063
1.286597
1.310589
1.766548
1.717643
0.944424
0.901794
0.924392
0.892084
0.905259
0.847335
0.790536
0.750836
0.907013
0.883444
0.849593
0.878020
0.838016
0.808311
0.833798
0.824135
1.017769
0.876343
0.858387
0.819603
0.810789
0.777769
0.737036
0.754590
0.741273
0.689953
0.715633
0.678667
0.697123
0.709213
0.672996
0.705773
0.696748
0.817059
0.792131
0.761392
0.728369
0.774137
0.793288
1.122842
1.721244
1.695690
1.658718
1.650566
1.645708
1.614959
0.842344
0.819629
0.830759
0.850086
0.803674
0.768603
0.873880
0.925791
0.923570
0.948527
0.877657
0.862296
0.903442
0.917537
1.025116
1.002250
0.980320
0.947257
0.997294
0.954468
0.976913
0.895210
0.893819
0.910909
0.926679
0.953998
1.018302
1.036617
1.030259
1.090887
1.260158
1.259651
1.315354
1.339718
1.363628
1.382396
1.392969
1.374848
1.380315
1.335148
1.308981
1.268151
1.248084
1.281090
1.319471
1.339488
1.384249
1.350068
1.305833
1.274886
1.235307
1.296705
1.294843
1.319198
0.802405
0.752544
0.698886
1.472189
0.573074
0.568678
0.593028
0.609993
0.938438
0.984517
0.994321
0.979200
0.971561
0.976125
1.001315
1.009495
1.003834
1.045495
1.004359
1.294663
1.285402
1.308880
1.408423
1.431406
1.428139
1.403324
1.409492
1.465834
1.480284
1.485475
1.482110
1.489331
1.463415
1.446102
1.449291
1.484163
1.501953
1.431055
1.475332
1.535953
1.498071
1.519364
1.515148
1.453221
1.473481
1.502875
1.430808
1.436049
1.460463
1.453937
1.441871
1.462434
1.379543
1.358275
1.392593
1.403884
1.373765
1.360807
1.343808
1.317181
1.339083
1.341171
0.608502
0.573270
0.624667
0.634728
1.072834
1.101125
1.119725
1.072765
1.138772
1.196200
1.185553
1.199365
1.238437
1.218136
1.276721
1.165465
0.714628
0.713903
0.944231
1.626739
1.624966
1.597694
1.553589
1.654846
1.594959
1.613121
1.559918
1.604356
0.790631
0.765054
0.933047
1.014192
1.049684
1.085896
1.104807
1.123892
1.062638
1.129349
1.114419
0.532064
0.506629
0.500592
0.516288
0.547319
0.564478
0.520262
0.642025
0.547522
1.039020
1.076578
0.594274
0.559287
0.574094
0.622166
1.300778
1.333874
0.894067
0.924032
1.565545
1.450369
1.399087
1.388832
1.382149
1.267706
1.239076
1.219441
1.253572
1.202602
1.270733
1.308808
1.317987
1.344747
1.375722
1.367291
1.407812
1.423183
1.404304
1.486556
1.456546
1.430865
1.377935
1.352553
1.325084
1.341872
1.332221
1.341072
1.333217
1.342535
1.314348
1.298319
1.273722
1.231360
1.222724
1.200114
1.183795
1.197221
1.156162
1.172983
1.151233
1.160957
1.146840
1.197760
1.272829
1.285691
1.324496
1.355270
1.374139
1.404577
1.448281
1.473905
1.189441
1.195917
1.213531
1.213235
1.229917
1.252133
1.229443
1.184843
1.222029
1.251082
1.221786
1.432762
1.514573
1.534787
1.563804
1.568952
1.535405
1.561529
1.527456
1.574210
1.580223
1.595235
1.596249
1.551411
1.611242
1.651801
1.665995
1.638769
1.629987
1.608629
1.633065
1.625152
1.649605
1.656668
1.623778
1.611100
1.592491
1.588005
1.550715
1.532235
1.671550
1.620844
1.635656
1.597321
1.582313
1.644056
1.192211
1.176943
1.123373
1.113267
1.078621
1.081460
1.093244
1.077377
1.091982
1.070705
1.020794
0.992753
1.009390
1.037615
1.060607
1.095855
1.119199
1.112825
1.074622
1.053664
1.044536
1.008773
0.957307
0.913045
0.849957
0.819336
0.827371
0.804781
0.813614
0.868402
0.932116
0.932609
0.949735
0.929245
0.905128
0.933258
0.891530
0.861252
0.857910
0.839569
0.831503
0.869699
0.896146
0.935336
0.968398
1.029405
1.054331
1.075059
1.052423
0.965727
0.934972
0.930626
0.881358
0.873400
0.847012
1.032200
1.013440
0.981664
0.875251
0.994706
1.017207
0.986241
1.050975
0.850722
0.896853
0.929061
0.955590
0.964135
0.985148
1.021896
1.009850
0.993796
0.962718
0.778520
1.034399
1.227106
1.172559
1.151545
1.128356
1.109808
1.085808
1.122779
1.097169
1.093643
1.126680
1.155784
1.148359
1.241619
1.264166
1.233882
1.271857
1.243800
1.308636
1.322488
1.351389
1.376581
1.407554
1.385838
1.401124
1.430528
1.270706
1.283207
1.314645
1.279562
1.311348
1.324888
1.372005
1.401786
1.394250
1.376565
1.292958
1.319224
1.298776
1.294586
1.373373
1.332230
1.308277
1.338506
1.349815
1.355199
1.379903
1.301094
1.420351
1.365788
1.335997
1.259942
1.239089
1.269577
1.375909
1.385582
1.430042
1.449337
1.408739
1.419808
1.472831
1.424077
1.394599
1.409499
1.320797
1.291368
1.321478
1.400023
1.396458
1.376626
1.368904
1.343388
1.356182
1.378452
1.393432
1.353063
1.338105
1.339378
1.304621
1.232697
1.360756
1.343667
1.366933
1.355943
1.385964
1.362044
1.355498
1.399579
1.376856
1.588750
0.628388
0.606027
0.576117
0.674562
0.741824
0.873974
1.137684
1.584243
0.662007
0.510747
0.657818
0.661568
0.641529
0.626115
1.231312
1.253629
1.284648
1.268228
1.261596
1.287042
1.322175
1.165009
1.684412
0.667003
0.784280
0.641626
0.624268
0.635716
1.592783
1.554500
1.578784
1.560881
1.526565
1.587895
1.322165
1.353530
0.549788
0.522495
0.526464
1.375330
1.347606
1.355032
1.353917
1.328850
1.250887
1.288222
0.664598
0.641056
0.727026
0.644853
0.651052
0.618342
0.639240
0.715995
0.714291
0.750926
0.727760
1.680369
0.465801
0.785351
0.808415
0.838001
0.878956
0.868932
0.821808
0.881465
0.832210
0.777237
0.806998
0.836159
0.792889
0.778557
0.775643
0.804863
0.755817
0.742886
0.750787
0.817749
0.815400
0.838445
0.859375
0.863495
0.840902
0.482541
0.473691
0.442946
0.413625
0.360930
0.344627
0.323069
0.391216
0.324648
0.324055
0.384430
0.351951
0.385077
0.347425
0.433120
0.453683
0.695277
0.725941
0.750830
1.501302
1.477712
1.457122
0.599537
0.605353
0.626981
0.950980
0.915488
0.925174
0.923105
0.945557
0.949779
0.545623
0.992888
1.039873
1.004864
1.557750
1.553429
0.807036
0.451746
0.975473
1.233870
1.260998
1.300906
1.323567
0.618651
0.595293
0.568407
0.638542
0.611908
0.584250
0.563401
0.560779
0.539930
0.550638
0.547292
0.587298
0.612764
0.514683
0.503412
0.523052
0.509573
0.660906
0.609950
0.581111
1.271306
1.126762
1.101439
1.171379
1.145109
0.719945
0.668338
1.307701
1.282873
1.591620
0.986326
0.631553
1.212912
1.247800
1.249727
1.286735
1.277233
1.228232
1.181924
1.237497
1.250272
1.208982
1.223499
1.249343
1.258377
1.228709
1.154246
1.140457
1.107863
1.150783
1.174816
1.169973
1.203394
1.219987
1.217924
1.206276
1.167306
1.168845
1.136294
1.199023
1.343626
0.552191
0.580276
1.248426
1.260987
1.347474
1.414886
0.585236
0.558092
0.540797
0.534126
0.521646
0.565004
0.550828
0.950876
0.644505
0.632324
0.632392
0.670127
0.655310
0.676405
0.653984
0.660728
0.647542
0.533101
0.532325
0.580931
0.559630
0.922687
1.115393
1.111277
1.205566
1.284105
1.289474
0.831371
0.821255
0.649942
0.670623
0.939760
1.396005
1.371450
1.372184
1.345358
1.352058
1.338955
1.463939
1.487120
1.446283
1.505584
1.507083
1.548703
0.448347
0.414892
0.416237
0.402279
0.397598
0.441742
0.372115
0.363722
0.374008
0.340168
0.334468
0.298756
0.378575
0.393782
0.444012
0.391369
0.381285
0.332035
0.348957
0.362235
0.475199
0.477510
0.429786
0.451572
0.432274
0.442655
0.427096
0.454311
0.473704
1.305029
1.075791
1.171288
1.159643
1.123605
1.099579
1.147450
1.122141
1.172110
1.177073
1.176935
1.164801
1.142143
1.105634
1.144763
1.407616
0.799150
1.418641
1.400843
1.371725
0.612997
0.608311
0.579966
0.625884
0.589204
0.571973
0.575139
1.152067
1.531906
1.511904
1.479033
1.506658
1.461219
1.447812
1.395215
1.412111
1.446526
1.473836
1.421258
1.442716
1.473008
1.478568
1.504060
0.818998
1.158924
1.359972
1.374224
1.125043
1.149040
1.163573
1.252674
1.281362
1.261703
1.242806
1.252984
1.255571
1.387980
1.258053
1.242438
1.221735
1.178433
1.274923
1.137427
1.335821
1.325148
1.352383
1.353657
1.293162
1.303454
1.293248
1.293744
1.479049
1.093370
1.166202
1.168671
1.148415
1.128336
1.117005
1.207301
1.199343
1.346488
0.609162
0.573665
0.634721
0.667976
1.470322
1.492896
1.545785
0.389310
0.421031
0.437918
0.438865
0.413609
0.910370
0.880388
0.859473
0.878002
1.113005
1.472275
1.420461
0.987144
1.020296
1.007225
1.095073
1.204908
1.176846
1.169278
1.125024
1.131779
1.122458
1.147949
1.098337
1.096947
1.097237
1.073677
1.091312
1.066893
1.060835
1.135354
1.138116
1.040788
1.062484
1.050618
1.073618
1.115457
1.097596
1.093276
1.073465
1.123449
1.134398
1.096074
1.198103
1.224412
1.212913
1.175406
1.192802
1.302903
0.365766
0.330506
0.406740
0.416113
0.449278
0.378860
0.354588
0.334714
0.406539
0.389845
0.367117
0.423972
0.619664
0.640755
0.434389
0.402535
0.409614
0.376311
0.353093
1.165994
1.144552
0.361254
0.327595
0.498568
1.038984
1.078006
1.080218
1.070110
1.051618
1.436766
1.470156
1.437089
1.411718
1.409076
1.417195
1.434334
1.407506
1.441240
1.451139
1.403108
1.402907
1.426026
0.958895
1.347566
1.376070
1.404484
1.378019
1.384140
0.369965
0.398508
0.379821
0.327897
0.354606
0.332694
0.367774
0.474148
0.456531
0.466863
0.472366
0.498839
0.526895
0.556691
0.558728
0.537475
0.561348
0.513288
0.494306
0.464923
0.454517
0.408363
0.384382
0.375103
0.408684
0.486489
0.475680
0.507322
0.496061
0.449175
0.420250
0.446080
0.420720
0.412820
0.434553
0.445858
0.398307
0.456771
0.468390
0.505930
0.421934
0.390083
0.354661
0.403786
0.400310
0.400838
0.395697
0.375508
0.745259
1.339560
1.378863
1.397141
1.425905
1.419995
1.398044
1.329808
0.370434
0.927343
0.900281
0.923897
0.886692
0.965523
0.995496
0.908023
0.955939
0.881710
0.839900
0.822335
1.195706
1.424735
1.394104
1.442943
0.482984
0.665186
0.696790
0.686937
0.729762
1.141166
1.179196
1.069655
1.096392
1.116772
1.082233
1.039199
1.008777
0.993577
1.016653
1.042334
1.049640
1.059345
1.049679
1.082171
1.078396
1.068193
1.035032
1.113270
1.157157
1.124930
1.110598
1.121155
1.096110
1.064173
1.050641
1.017889
1.089283
1.222228
1.201669
1.176412
1.154500
1.171030
1.192486
1.176454
1.150727
1.151879
0.704326
0.687878
0.594944
0.603286
0.624943
0.631308
0.679743
0.867732
0.501338
0.522440
0.522495
0.553798
0.601087
0.580500
0.586898
0.553421
0.511885
0.542237
0.550660
1.135595
1.141320
1.103111
1.101727
1.136768
1.111016
1.124258
0.325048
0.277213
0.290048
1.189748
0.291916
0.218192
0.131678
0.111962
0.086884
0.274475
0.245992
0.241486
0.185210
0.265145
0.269518
0.279360
0.277788
0.202137
0.193592
0.159975
0.128994
0.149771
0.125024
0.094806
0.064457
0.220997
0.231286
0.227251
0.235729
0.164071
0.269084
0.276896
0.287229
0.255608
0.234049
0.259760
0.266768
0.241399
1.195738
1.274164
1.247751
1.260880
1.228848
0.435318
1.177832
1.233799
1.236963
1.369061
0.499162
0.494207
0.566076
0.549172
0.581350
0.546730
0.527371
0.507929
0.328718
0.298277
0.330769
1.232409
1.142719
1.143688
1.124134
1.103770
1.085856
1.067216
1.111806
1.097328
1.072434
1.067579
1.044451
1.052414
0.995163
1.011327
1.039744
1.046588
1.075323
1.019499
1.015111
1.208619
1.346894
1.280319
0.792130
0.847167
0.793658
0.765714
1.300685
1.261545
1.239747
1.187395
1.169121
1.145410
1.163335
1.139760
1.120190
1.185843
1.219167
1.163440
1.092953
1.071999
0.992946
0.971712
0.925291
0.921639
0.949411
0.977619
0.946951
0.955342
1.007296
0.733070
1.166916
1.130815
1.101465
1.108225
1.116393
1.143333
1.217926
0.274729
1.465683
1.444175
1.479658
1.252528
1.308982
1.290400
1.320057
1.301922
1.309091
1.302942
1.293794
1.261983
1.236092
1.285289
1.306741
1.270516
1.258514
1.244805
0.339565
0.360625
0.382441
0.402886
0.433990
0.441033
0.421067
1.341324
1.349865
1.347765
1.324362
1.296357
1.320952
1.318000
1.287350
1.286085
1.285904
1.284607
1.243364
1.258710
1.210973
1.434865
1.258733
1.263034
0.265085
1.231050
1.204927
1.194460
1.216639
1.221165
1.247778
1.232227
1.202706
1.215078
1.171809
1.186712
1.205685
1.160294
1.182355
1.261344
1.236806
1.219038
0.884705
0.226507
0.281432
0.284903
1.388564
1.414841
0.204204
0.166052
0.187452
1.392886
1.312676
1.332796
1.239870
1.101416
0.175315
0.102826
0.143206
0.107540
0.115422
1.191980
1.169102
1.114422
1.113682
1.081892
1.054228
1.046691
1.020332
0.989972
1.121320
1.079966
0.971810
1.069698
1.099884
1.366452
1.332997
1.322968
1.297787
1.376611
1.374280
1.238818
1.240201
1.216755
1.366736
1.344594
0.883848
0.941615
0.952003
1.322581
0.942413
1.262355
1.238536
1.264144
1.247256
1.269879
0.393479
0.413974
0.422167
0.395223
0.368534
0.313163
0.284526
0.260352
0.260809
0.233159
0.199803
0.140953
0.250220
0.264592
0.295841
0.285088
0.310252
0.289442
0.266118
0.163592
0.126681
0.131117
0.159764
0.185537
0.183515
0.216170
0.200414
0.350298
0.367548
0.343556
0.327869
0.377484
0.304762
0.284999
0.242902
0.227756
0.519477
0.556134
0.611622
0.580845
0.582749
0.586277
0.981678
1.007839
1.177459
1.145718
1.112601
1.104816
1.067614
1.086515
1.155202
1.183341
1.187970
1.091589
1.054999
1.120575
1.062113
1.177906
1.156328
1.179775
1.157487
1.210575
1.241108
1.170033
1.086110
0.304560
0.083708
0.108102
0.069846
1.063178
1.045857
1.306330
0.984404
0.970736
0.947357
0.978994
1.384033
0.353971
1.318534
1.142903
1.110545
1.353028
1.373170
1.374132
1.397682
1.348814
1.318503
1.318380
1.281887
1.164590
1.050472
1.020391
1.005719
1.061729
1.070959
1.076844
1.077622
1.094295
1.029011
0.997036
0.948445
0.959083
0.941005
0.912306
0.864265
0.839720
0.789851
0.809085
0.813033
0.870989
0.905101
0.924170
0.908226
0.939104
0.944438
0.937899
0.968917
0.907441
0.837364
0.970482
1.346441
1.301478
1.304534
1.273109
1.313148
1.261938
1.254874
1.245881
1.269333
1.239979
1.225568
1.215118
1.180051
1.181681
1.161886
1.175008
1.184707
1.188756
1.103726
1.068476
1.108727
1.128381
1.158424
1.140253
1.159717
1.159659
1.116248
1.139016
1.091914
1.102580
1.080128
1.049122
1.091172
1.134168
1.140098
1.151960
1.167427
1.297048
1.279288
1.279722
1.324698
1.342515
1.346623
1.310720
1.322590
1.297331
1.278960
1.254752
1.222827
1.191875
1.199723
1.224666
1.345922
1.171831
1.139766
1.140075
1.122406
1.094867
1.134219
1.201864
1.179530
1.171204
1.171388
1.200900
1.238590
1.211545
1.184182
1.144336
1.151090
1.135829
1.123575
1.081003
0.800133
1.309862
0.053068
1.303532
1.336952
1.344671
1.267199
0.668865
0.924228
0.900075
0.536841
0.507915
0.035121
0.056270
0.077986
0.312585
0.236457
0.211068
0.239449
0.207399
0.255824
0.229195
0.245771
0.278818
0.261001
0.289787
0.351367
0.354150
0.389111
0.395699
0.416945
0.444383
0.475479
0.444673
0.500826
0.457226
0.481460
0.495059
0.546642
0.534453
0.546515
0.547557
0.613819
0.619974
0.573970
0.596602
0.491609
0.460893
0.402188
0.405492
0.396091
0.415941
0.417969
0.509918
0.478338
0.460853
0.288257
0.263536
0.294761
0.286418
0.317555
0.286751
0.234456
0.326955
0.363376
0.393061
0.304126
0.442478
1.085077
0.727818
0.991697
0.970934
0.946498
0.949146
0.837205
0.901095
0.896332
0.963675
1.001964
0.713152
0.090596
0.107671
0.121530
0.647639
1.319346
1.323299
1.326139
1.142970
1.085088
1.311728
1.273880
1.268831
1.230424
1.229214
1.208192
1.200261
1.220101
1.193157
1.196178
1.116493
1.058053
1.042683
0.153471
0.135642
0.110372
0.067904
1.278558
1.289167
1.264054
1.248342
0.891169
1.149713
0.355513
0.329490
0.362992
0.328574
0.903036
1.267570
1.297016
0.931553
0.899732
0.886447
0.787149
1.145203
1.098057
1.134173
1.023895
1.001204
0.985781
1.017889
1.046138
1.037133
0.032378
1.125314
1.236816
1.142837
1.140487
1.179264
0.028025
0.046583
0.000000
0.599928
0.609149
0.630926
0.318160
0.314321
0.389920
0.333663
0.363108
0.364878
0.329908
0.362625
0.335350
0.300551
0.298656
0.330541
0.343112
0.353296
0.308413
0.317520
0.367491
0.351193
0.348767
0.322212
0.300753
0.319928
0.295185
0.338577
0.401239
0.429625
0.429512
0.327077
0.334746
0.301082
0.298193
1.043470
1.006173
1.213039
1.222854
0.965118
0.375396
0.405436
0.392328
0.435810
0.451098
1.141658
1.192950
0.991597
1.047162
1.072950
1.097186
0.917093
0.866308
1.010001
0.983900
0.953712
0.340075
0.504015
1.173275
1.136634
1.136218
1.181119
1.163798
1.199880
1.191465
1.218350
1.173638
0.899600
0.419377
0.547990
0.530221
1.154896
0.623238
1.019223
1.005066
0.987410
0.963215
0.941105
0.960779
0.916535
0.869775
0.864346
0.835732
0.832099
0.835693
0.854951
0.882504
0.817180
0.788854
0.797381
0.760350
0.789374
0.994388
0.946622
0.989502
0.978237
0.915744
1.242109
0.334802
0.884776
0.856018
1.114363
1.087143
1.059920
1.086137
1.050774
1.017469
1.112299
0.920249
0.061544
0.085082
0.847441
0.835642
0.813490
0.822264
0.848313
0.860766
0.823576
0.791854
0.904807
1.155778
1.153847
1.188940
1.182433
1.169089
1.223262
1.203200
1.199258
1.153795
1.163150
1.136961
1.184457
1.090320
1.094215
1.123788
1.125759
1.051472
1.096221
1.075992
1.127314
1.113288
1.216697
1.145565
1.126858
0.034291
0.100999
0.504620
0.476977
0.498417
0.460782
0.428475
0.464750
0.856652
0.256944
0.824143
0.801527
0.781344
0.774354
0.826383
0.924675
0.353404
0.371376
0.362877
0.896154
0.904017
0.889724
0.940186
0.949701
0.870521
0.920989
1.042370
1.053282
1.018124
1.007190
0.970578
0.944093
0.913009
0.929637
0.952128
0.982278
1.031419
0.833120
0.959843
0.913913
0.904028
0.918032
0.945624
0.971971
0.964537
0.991561
0.996979
0.882033
0.955415
0.932435
0.983149
1.003252
1.009536
1.101929
0.186878
0.228099
0.207979
0.225635
0.193097
0.652951
0.638448
0.657897
0.611562
0.592216
0.573871
0.560588
0.659715
0.626433
0.805719
1.063237
0.798563
0.795063
0.778373
0.816514
0.836107
0.845855
0.863109
0.828430
0.809213
0.762831
0.734398
0.763004
0.747574
0.702915
0.681920
0.695940
0.703419
0.667823
0.712697
0.802781
0.504359
0.371318
0.439761
0.522130
0.535318
0.475606
0.498212
0.521835
0.560617
0.588165
0.455866
0.518079
0.549661
0.569162
0.557475
0.583378
1.098124
0.405462
0.383504
0.413292
0.428640
0.518012
0.654888
0.612829
0.484544
0.485186
0.541933
0.590360
0.599288
0.613490
0.564008
1.069793
1.034946
1.009875
0.994948
0.976878
0.933124
0.958638
0.987170
1.015569
1.095519
1.074794
1.019107
1.026013
1.014896
1.047658
1.056445
0.977306
0.431340
0.422256
0.446569
0.479060
0.473316
0.505337
0.502347
0.475514
0.515349
0.525397
0.543889
0.482129
0.458124
0.452162
0.460353
0.486145
0.514088
0.480360
0.491058
0.512189
0.458983
0.432656
0.468092
0.389035
0.401753
0.450381
0.442927
0.453481
0.444962
0.419769
0.403590
0.422402
0.471372
0.514551
0.466050
0.981205
1.046351
0.603815
1.068272
1.070121
1.055127
1.105674
1.066893
1.103929
1.111059
1.088622
1.068861
1.038811
1.007160
0.921093
0.956189
1.217787
1.111194
1.123820
1.091682
0.726414
0.730148
0.699020
0.729528
0.768138
0.984214
0.363951
0.919247
0.452003
0.423973
0.514131
0.506299
0.496567
0.529590
0.528816
0.936324
0.896065
0.869578
0.891397
0.430070
0.447669
0.553494
0.580840
0.541398
0.598413
0.583850
0.625565
0.683925
0.658861
0.702113
0.928166
0.908675
0.961243
0.120229
0.117464
0.154368
0.180521
0.226610
0.235638
0.279316
0.163996
0.197102
0.745159
0.383779
0.662437
0.636107
0.610489
0.702035
0.682274
0.618009
0.577865
0.680788
0.699663
0.666338
0.651809
0.630976
0.614040
0.642293
0.587213
0.605599
0.735376
0.737900
0.840581
0.855847
0.137984
0.186594
0.162810
0.145373
0.356912
0.478495
0.471181
0.567777
0.585653
0.485049
0.544248
0.900423
0.174606
0.199287
0.228489
0.262366
0.282965
0.261849
0.290482
0.200811
0.191214
0.215360
0.212504
0.236734
0.239465
0.238931
0.172579
0.222986
0.326067
0.499629
0.499962
0.600491
0.630197
0.653703
0.716618
0.859639
0.489342
0.564890
0.595250
0.556778
0.532462
0.547497
0.574993
0.957550
1.025584
0.996349
0.659968
0.664465
0.700150
0.617636
0.547471
1.044693
0.658249
0.205936
0.959583
0.891771
0.851808
0.802047
0.768854
1.022761
0.251655
0.959957
0.967703
1.000419
1.016630
0.980213
0.162114
0.544770
0.575689
0.589824
0.605755
0.589760
0.565630
0.624978
0.668398
0.702493
0.656312
0.621246
0.941540
0.906533
0.920902
0.914431
0.928181
0.908933
0.876065
0.843658
0.821801
0.826523
0.892754
0.873310
0.941171
0.272075
0.317970
0.312217
0.273497
1.038549
0.686418
0.714235
1.039062
1.065951
1.084203
1.060302
0.640779
0.613967
0.607836
0.541188
0.530839
0.378705
0.349871
0.363766
0.601691
0.638686
0.628332
0.613725
0.730775
0.704738
0.411831
0.418160
0.426362
0.407583
0.969950
0.929962
0.896537
0.975664
0.881915
0.537539
0.853117
0.649686
0.671663
0.692421
0.721750
0.771020
0.745734
0.771201
0.767802
0.731999
0.743263
0.707512
0.679706
0.738180
0.718254
0.713604
0.700837
0.794093
0.813722
0.819953
0.848766
0.872076
0.903715
0.895946
0.839715
0.789363
0.804035
0.791224
0.768877
0.827675
0.818097
0.782359
0.850116
0.866641
0.880994
0.901606
0.653889
0.687752
1.081960
0.502765
0.753505
0.717919
0.740137
0.728316
0.753164
0.853494
0.794101
0.703431
0.746824
0.775913
0.791724
0.789034
0.758155
0.783984
0.741777
0.833410
0.851924
0.818689
0.725839
0.763280
0.235870
0.221278
0.219446
0.172279
0.113871
0.139329
0.147031
0.170631
0.302654
0.404845
