1.727625
1.748416
1.724546
1.696846
1.714558
1.691385
1.713895
1.700542
1.728913
1.714134
1.718263
1.695307
1.642973
1.617373
1.604173
1.569241
1.517474
1.536506
1.525993
1.548445
1.593415
1.620828
1.637121
1.670988
1.768487
1.775003
1.747714
1.743692
1.742044
1.692412
1.663883
1.641689
1.607885
1.593032
1.533145
1.480096
1.422012
1.388979
1.372524
1.361915
1.359524
1.352334
1.381428
1.446559
1.431684
1.435368
1.406921
1.418513
1.377024
1.354746
1.393316
1.407940
1.423584
1.389073
1.382321
1.782330
1.771322
1.738235
1.702590
1.619861
1.590114
1.567312
1.514371
1.496454
1.452261
1.385927
1.386424
1.346508
1.317493
1.289788
1.287715
1.256240
1.208393
1.200447
1.241949
1.240173
1.210512
1.181104
1.153535
1.138053
1.102209
1.091069
1.113199
1.061686
1.093077
1.045463
1.030756
1.078671
1.071112
1.117956
1.151402
1.199980
1.179456
1.231817
1.262733
1.328712
1.354756
1.376251
1.400064
1.418992
1.421785
1.404963
1.376665
1.367838
1.329629
1.310415
1.288365
1.264859
1.226939
1.209274
1.275087
1.273514
1.300968
1.326898
1.366138
1.372149
1.401597
1.435346
1.416468
1.352970
1.336873
1.273644
1.297221
1.080804
1.127419
1.136402
1.171355
1.199014
1.183772
1.157058
1.178433
1.141122
1.108997
1.070356
1.197849
1.212988
1.249291
1.276877
1.283674
1.298073
1.311760
1.290462
1.273660
1.309529
1.344770
1.313374
1.342789
1.290448
1.275115
1.312872
1.267581
1.321510
1.239814
1.119774
1.140398
1.167173
1.114537
1.307933
1.302547
1.330677
1.319071
1.262483
1.277136
1.249204
1.290692
1.292845
1.324030
1.348618
1.376047
1.401456
1.420943
1.419164
1.451635
1.444489
1.465637
1.493448
1.495344
1.472143
1.434111
1.418840
1.280285
1.311785
1.368335
1.755704
1.754351
1.726150
1.716824
1.688511
1.650312
1.698903
1.744537
1.694808
1.710083
1.656147
1.627851
1.636230
1.674463
1.651950
1.628872
1.699439
1.676833
1.754298
1.692236
1.665887
1.663694
1.679069
1.725588
1.708791
1.785696
1.775489
1.750860
1.721468
1.676796
1.627337
1.622592
1.586278
1.651033
1.622478
1.508304
1.490591
1.386618
1.363737
1.340152
1.320833
1.436918
1.463028
1.486488
1.514595
1.543528
1.551938
1.580546
1.599118
1.570436
1.532195
1.476005
1.454140
1.483127
1.537841
1.589718
1.624365
1.503618
1.552701
1.553786
1.585287
1.607289
1.757051
1.677157
1.654856
1.653007
1.595609
1.566985
1.556135
1.534598
1.602770
1.564703
1.737493
1.674597
1.661723
1.602289
1.627046
1.656917
1.689807
1.688621
1.651850
1.634697
1.667077
1.676606
1.617190
1.601213
1.545543
1.577922
1.504601
1.521346
1.424697
1.439364
1.471347
1.518443
1.501600
1.528355
1.482025
1.463367
1.441020
1.451222
1.425988
1.406977
1.384954
1.415833
1.537585
1.542998
1.536252
1.500789
1.476794
1.567217
1.509282
1.471024
1.454607
1.532171
1.509881
1.504286
1.647167
1.592536
1.580991
1.628734
1.578097
1.659065
1.629272
1.624041
1.566388
1.454578
1.399966
1.613847
1.581723
1.596943
1.600265
1.560547
1.540216
1.533067
1.565987
1.560709
1.627867
1.591402
1.480064
1.404583
1.416939
1.352752
1.310652
1.291553
1.261490
1.266698
1.330102
1.364054
1.523728
1.538746
1.468971
1.463438
1.435326
1.505773
1.477323
1.558215
1.498936
1.452934
1.457909
1.425682
0.942341
0.916296
0.881165
0.862205
0.833544
0.793103
0.726460
0.721575
0.691358
0.695660
0.657282
0.570232
0.511394
0.516312
0.490325
0.527896
0.498785
0.531539
0.532322
0.510152
0.519235
0.519587
0.547756
0.571270
0.549139
0.602978
0.621889
0.635498
0.652227
0.643912
0.651939
0.666881
0.714244
0.734618
0.763881
0.782214
0.788155
0.828518
0.886668
0.909624
0.931802
0.941399
0.959486
0.981232
0.957901
0.956966
0.944746
0.923074
0.920823
0.886729
0.861500
0.841816
0.839030
0.750307
0.738913
0.709531
0.657634
0.653078
0.601994
0.600721
0.605272
0.583040
0.608127
0.587831
0.602085
0.570945
0.620559
0.615619
0.650798
0.680627
0.722965
0.736258
0.773162
0.757357
0.781152
0.792045
0.752446
0.745642
0.767905
0.827678
0.833563
0.854423
0.800027
0.603931
0.617634
0.575592
0.571709
0.556735
0.588230
0.586212
0.557019
0.540116
0.582137
0.686482
0.712060
0.726434
0.745784
0.686090
0.712726
0.657993
0.654878
0.624131
0.595991
0.549942
0.537461
0.499247
0.617657
0.580309
0.569147
0.565415
0.580852
0.734763
0.758949
0.745192
0.777537
0.792337
0.778724
0.872297
0.874198
0.909484
0.935725
0.934633
0.962599
0.993394
0.968493
0.975532
1.015923
1.050738
1.078101
1.113442
1.138794
1.203635
1.179934
1.151372
1.126400
1.137027
1.104222
1.063988
1.062701
1.047274
1.009272
0.931384
0.898051
0.864389
0.863247
0.898968
0.805041
0.774503
0.897244
0.864606
0.822142
0.805725
0.857941
1.098081
1.107088
1.168231
1.081231
1.141145
1.045623
1.010097
1.010319
1.008383
0.988554
0.965146
0.907660
0.876581
0.822340
0.816319
0.850156
0.857069
0.901101
0.885043
0.796475
0.823255
0.836338
0.863507
0.875554
0.747803
0.765249
0.742067
0.788147
0.834763
0.802864
0.818915
0.807215
0.841236
0.859162
0.898576
0.948657
0.989082
1.023575
1.014842
0.994853
0.954266
0.936824
0.895965
0.875570
0.847365
0.819427
0.798335
0.778071
0.797587
0.813007
0.855475
0.802593
0.781211
0.784988
0.754450
0.734563
0.728469
0.754887
0.713527
0.704118
0.699657
0.711116
0.702594
0.683697
0.754674
0.848375
0.870911
0.852222
0.829109
0.856113
0.859724
0.873191
0.854634
0.914351
0.892122
0.918883
0.934895
0.888935
0.990291
0.987561
1.023963
1.044012
1.052366
1.104944
1.068876
1.061185
1.086433
1.113712
1.093763
1.071365
1.039026
1.101979
1.157021
1.129748
1.201732
1.193359
1.209216
1.215592
1.232415
1.263411
1.291800
1.369760
1.409110
1.415326
1.434448
1.451625
1.425713
1.412477
1.430219
1.407531
1.419122
1.420677
1.427015
1.407811
1.415104
1.407021
1.445457
1.470561
1.503473
1.495111
1.455284
1.434940
1.428807
1.417865
1.448171
1.459594
1.465168
1.480614
1.446062
1.425970
1.399466
1.352153
1.312451
1.342374
1.319867
1.280226
1.296749
1.267641
1.224190
1.170897
1.147203
1.169068
1.133269
1.112801
1.099550
1.187140
1.205296
1.214678
1.225095
1.249200
1.246599
1.282282
1.281590
1.326123
1.348025
1.378990
1.381065
1.408464
1.166003
1.195288
1.244682
1.273871
1.241865
1.214937
1.219500
1.242554
1.221915
1.199155
1.162892
1.192809
1.221286
1.404395
1.384710
1.355642
1.374626
1.411540
1.427126
1.399631
1.330097
1.405700
1.443672
1.451561
1.470247
1.499160
1.531983
1.531988
1.508358
1.478942
1.447029
1.377504
1.351457
1.318556
1.480336
1.495506
1.416550
1.346290
1.327509
1.300671
1.300408
1.278420
1.247034
1.230675
1.205103
1.187035
1.226629
1.271186
1.291319
1.294314
1.296985
1.272891
1.264209
1.247974
1.211750
1.293869
1.288816
1.343457
1.349190
1.325032
1.316654
1.325286
1.381078
1.374805
1.397159
1.395895
1.389277
1.380255
1.353562
1.330891
1.372805
1.338985
1.301281
1.363794
1.325542
1.350003
1.306611
1.325107
1.330680
1.331563
1.302787
1.244784
1.241188
1.216010
1.195249
1.177526
1.164746
1.144455
1.152310
1.174923
1.195261
1.265818
1.222270
1.125585
1.126837
1.089818
1.065308
1.069879
1.039845
1.035004
1.000315
0.975028
0.959277
0.923138
0.876216
0.855449
1.018378
1.253314
1.196107
1.161655
1.106395
1.096931
1.230195
1.200911
1.303390
1.265357
1.235892
1.222451
1.209951
1.217282
1.240745
1.285996
1.299264
1.322947
1.286896
1.270748
1.304633
1.262793
1.223956
1.192948
1.185272
1.170492
1.172147
1.140267
1.164298
1.168432
1.200840
1.222160
1.150008
1.137196
1.113324
1.086970
1.061568
1.044538
1.022710
0.970247
0.937757
0.900254
0.877371
0.849392
0.776012
0.678309
0.651107
0.650912
0.625603
0.612146
0.628365
0.601224
0.623701
0.653735
0.674261
0.647468
0.650483
0.617275
0.639791
0.607478
0.516990
0.501181
0.428834
0.467679
0.448728
0.462866
0.495176
0.533781
0.578946
0.646332
0.684740
0.707512
0.675072
0.715867
0.687615
0.669326
0.634694
0.672901
0.645712
0.677913
0.645543
0.644881
0.617146
0.636397
0.604061
0.604722
0.660600
0.696642
0.765608
0.763652
0.797633
0.781252
0.814322
0.831731
0.863271
0.936907
0.928470
1.007601
0.982133
0.972211
0.952699
0.951405
0.919061
0.885357
0.860009
0.930943
0.892990
0.902728
0.867897
0.812105
0.847572
0.813495
0.779977
0.629279
0.647576
0.672012
0.699489
0.756145
0.823281
0.817886
0.879481
0.882565
0.890777
0.922529
0.928510
0.948785
0.943095
0.984888
1.040102
1.091357
1.171111
1.146067
1.153206
1.148245
1.121041
1.206751
1.184806
1.205212
1.175617
1.153645
1.142350
1.123400
1.115042
1.083243
1.090686
1.066096
0.931817
0.862040
0.836337
0.761612
0.742119
0.726585
0.707450
0.707985
0.748741
0.741286
0.768536
0.789912
0.705578
0.665879
0.627080
0.644956
0.620558
0.730472
0.725723
0.671017
0.686338
0.702091
0.675416
0.666955
0.648834
0.614767
0.626183
0.620226
0.705019
0.685948
0.678092
0.702535
0.734253
0.867833
0.858693
0.879968
0.845282
0.848850
0.871398
0.867791
0.888511
0.956948
0.985840
1.101139
1.140911
1.119372
1.150941
1.087633
1.113014
1.146761
1.150549
1.162060
1.164302
1.183972
1.251792
1.298343
1.274815
1.292273
1.124892
1.163667
1.184271
1.191302
1.155489
1.098556
1.050435
1.024044
0.996346
0.928704
0.892445
0.867004
0.891885
0.924693
0.914951
0.985942
1.018438
1.085157
1.119005
1.132234
1.135258
1.076246
1.010658
1.021159
0.952548
0.907421
0.938184
0.940110
0.971724
0.905210
1.044517
1.050113
0.988542
0.965781
0.941477
0.814246
0.780428
0.801115
0.735281
0.769443
0.769327
0.794081
0.855045
0.793487
0.826014
0.859943
0.858434
0.836410
0.783843
0.758927
1.002394
1.054227
1.072563
1.123806
1.191206
1.224865
1.244083
1.248022
1.228669
1.192680
1.189093
1.221671
1.271185
1.269261
1.254166
1.228630
1.204358
1.171991
1.175764
1.223473
1.234239
1.265952
1.289620
1.269294
1.264825
1.308399
1.283696
1.276573
1.252570
1.282630
1.244404
1.302808
1.300062
1.295458
1.200906
1.220053
1.143548
1.155778
1.095773
1.183688
1.173691
1.208776
1.193475
1.220771
1.208628
1.165539
1.126928
1.047665
0.908078
0.930575
0.894840
0.915901
0.914141
0.912932
0.968654
0.976220
1.033502
1.022068
1.018809
1.017039
1.045803
1.066310
1.091896
1.033655
1.053854
1.018668
0.990191
0.998052
0.984890
0.971859
0.926174
0.937460
0.939454
0.883519
0.856354
0.821289
0.920869
0.915085
0.882378
0.886373
0.904662
0.854677
0.883400
0.847440
0.816518
0.850007
0.900028
0.936194
1.001986
0.966843
1.000229
0.949069
0.921707
0.965186
0.961253
0.992318
0.999473
0.991412
0.957276
1.030458
1.054000
1.015270
1.035940
1.069152
1.008503
0.998720
1.017304
1.039044
1.098485
1.126319
1.171461
1.185620
1.134810
1.111352
1.076488
1.117752
1.072471
1.039871
1.029574
0.996377
1.001601
1.027440
1.024808
1.056191
1.051181
1.019661
1.042840
1.111393
1.138064
1.198759
1.170811
1.138255
1.149869
1.126927
1.099981
1.071637
1.069525
1.015959
1.014519
0.985472
0.995532
0.943082
0.976576
0.921863
0.936310
1.031054
1.079742
1.103909
1.193069
1.218917
1.235905
1.202863
1.215534
1.188547
1.175698
1.160703
1.148940
1.114129
1.152900
1.238378
1.268734
1.281629
1.254025
1.230765
1.238275
1.191336
1.162313
1.196355
1.196489
1.148276
1.139105
1.113217
1.081543
1.046285
1.023447
0.978438
0.959088
0.977131
1.111307
1.053351
1.088013
1.057402
1.166536
0.953386
0.929219
0.866670
0.855572
0.833288
0.831358
1.108563
1.065818
1.054208
1.073482
1.060403
1.031618
1.041966
1.054422
1.027412
1.097588
1.093451
1.096686
1.161688
1.182583
1.148001
1.152754
1.121299
1.178639
1.165911
1.171917
1.101821
1.049642
1.015964
1.105129
1.147617
1.145650
1.124677
0.983222
1.014822
0.952846
0.985130
0.974700
1.011144
1.031239
1.056963
0.996451
1.037730
1.015122
0.987190
0.988276
1.017198
0.928274
0.906045
1.045544
1.022669
1.049539
1.079201
1.064512
1.060420
1.116866
1.092952
1.125634
1.089152
0.699359
0.686121
0.634354
0.582410
0.572227
0.550809
0.523104
0.547590
0.543677
0.574750
0.605887
0.616970
0.599577
0.619654
0.595640
0.521924
0.463047
0.516548
0.548039
0.576482
0.578890
0.556106
0.487871
0.416514
0.382099
0.371269
0.346861
0.359465
0.333329
0.307861
0.267298
0.295505
0.307746
0.338257
0.359890
0.333751
0.312461
0.336407
0.328006
0.304092
0.300970
0.300890
0.305319
0.305475
0.312903
0.279039
0.263959
0.160675
0.151560
0.186610
0.218839
0.237236
0.256706
0.265301
0.250013
0.284787
0.184046
0.201104
0.192646
0.218711
0.255858
0.312551
0.314209
0.290596
0.253153
0.259370
0.198600
0.213207
0.168291
0.138070
0.134552
0.077450
0.137867
0.189988
0.195752
0.226379
0.249038
0.219203
0.237658
0.313082
0.312356
0.352097
0.338384
0.277528
0.252376
0.222607
0.202586
0.180547
0.150973
0.190229
0.160850
0.185145
0.170816
0.159872
0.114077
0.106990
0.146313
0.257310
0.433364
0.500333
0.461395
0.394784
0.317732
0.285244
0.290835
0.316619
0.326535
0.324440
0.317657
0.351765
0.333835
0.360069
0.384343
0.410162
0.431375
0.449530
0.474310
0.409703
0.348797
0.361127
0.387013
0.299819
0.517775
0.471562
0.817838
0.778240
0.752637
0.683161
0.681500
0.670280
0.643770
0.648051
0.653398
0.680420
0.714651
0.710712
0.721379
0.770892
0.751555
0.789534
0.830443
0.831264
0.861976
0.873039
0.899623
0.963837
0.990687
1.013162
1.067975
0.796340
0.787761
0.775348
0.791415
0.789089
0.799901
0.787045
0.751808
0.799479
0.760175
0.768217
0.789987
0.829150
0.805717
0.824075
0.837000
0.784958
0.751971
0.756880
0.740786
0.702008
0.701055
0.728784
0.705882
0.720793
0.763012
0.711289
0.750744
0.741030
0.746191
0.715145
0.723771
0.729590
0.708200
0.676138
0.761834
0.734797
0.757664
0.757024
0.724189
0.728380
0.724572
0.699180
0.682736
0.706252
0.679922
0.676681
0.698035
0.699063
0.674564
0.815516
0.765772
0.757978
0.762274
0.788081
0.829588
0.866336
0.920330
0.966412
0.976251
0.921653
0.968966
0.995582
1.027300
0.990264
1.019169
1.045743
0.988315
0.979674
0.761545
0.800786
0.798806
0.770112
0.816764
0.802319
0.825281
0.874418
0.960859
1.007187
1.031698
1.025859
0.736360
0.710522
0.772630
0.774352
0.813549
0.801855
0.858989
0.832657
0.877540
0.901678
0.941012
1.023008
0.993882
0.963502
0.940112
0.905751
0.876149
0.841165
0.820327
0.868491
0.850880
0.987227
1.027110
1.059159
1.006788
0.973172
0.967782
0.937594
0.898411
1.335471
1.264076
1.365216
1.359278
1.378967
1.377491
1.429410
1.470856
1.353881
1.246882
1.493159
1.438067
1.404626
1.344509
1.279741
1.246422
1.214036
1.232151
1.283687
1.322168
1.314674
1.318380
1.243478
1.256393
1.203333
1.448117
1.363639
1.354056
1.335829
1.382942
1.405637
1.383072
1.432206
1.404787
1.386854
1.361135
1.350584
1.388440
1.360812
1.351877
1.381538
1.391843
1.385074
1.422482
1.430851
1.411088
1.380338
1.418147
1.368905
1.450609
1.401379
1.517082
1.508230
1.518586
1.491491
1.508521
1.537332
1.455315
1.479157
1.401791
1.371850
1.311354
1.272791
1.283887
1.260128
1.232415
1.207392
1.197320
1.190641
1.168849
1.149033
1.130455
1.125967
1.073922
1.069937
1.023984
0.999645
0.979578
0.973521
0.994825
0.984496
0.982856
0.980748
0.933021
0.946679
1.017706
1.046952
1.067454
1.085855
1.002410
1.031301
0.992089
0.972348
0.913460
1.000677
1.019234
1.121363
1.097079
1.075764
1.022742
1.005339
0.981533
0.927729
0.871744
0.854845
0.831837
0.813027
0.769373
0.718139
0.711768
0.671944
0.633852
0.598239
0.575015
0.508494
0.478269
0.430899
0.389152
0.357107
0.323202
0.287622
0.243300
0.279357
0.307457
0.284814
0.311906
0.360313
0.400749
0.442292
0.459238
0.473930
0.478388
0.514892
0.540074
0.581091
0.580785
0.649703
0.662477
0.655189
0.628883
0.603437
0.569599
0.564460
0.623163
0.634728
0.681466
0.713874
0.741511
0.766195
0.812932
0.892925
0.889133
0.919762
0.892314
0.906463
0.892964
0.865116
0.832882
0.816470
0.792969
0.728259
0.805049
0.835623
0.893189
0.950440
0.959846
0.913501
0.897518
0.783356
0.820001
0.853034
0.844222
0.887400
0.892160
0.924437
0.946288
1.004731
0.974860
1.029291
1.029837
1.060865
1.056867
1.096606
1.147971
1.223658
1.236259
1.267337
1.287614
1.323051
1.313838
1.327709
1.298088
1.307722
1.272191
1.249828
1.234852
1.209281
1.323472
0.792270
0.819090
0.789992
0.768550
0.732367
0.630180
0.607466
0.583832
0.565852
0.588407
0.556021
0.577967
0.716645
0.657536
0.689230
0.707582
0.730939
0.707316
0.741743
0.691002
0.682905
0.832778
0.878311
0.846167
0.803955
0.755094
0.767596
0.773044
0.780978
0.756742
0.779934
0.631665
0.592031
0.725502
0.744884
0.732617
0.848540
0.551443
0.545197
0.519296
0.500158
0.476780
0.471571
0.482248
0.450214
0.474016
0.483533
0.457118
0.465776
0.498258
0.470496
0.433719
0.466348
0.465690
0.521926
0.490668
0.419745
0.429357
0.338263
0.355831
0.483778
0.496833
0.399206
0.375821
0.383349
0.465952
0.478504
0.466628
0.460203
0.465154
0.445417
0.474191
0.484978
0.453094
0.487081
0.459122
0.442114
0.521333
0.528932
0.495470
0.559720
0.548010
0.579512
0.585558
0.592768
0.582580
0.570726
0.592885
0.624919
0.657243
0.621070
0.653668
0.667764
0.643267
0.659425
0.642580
0.662050
0.647153
0.618491
0.616109
0.587782
0.599009
0.545095
0.521111
0.535858
0.555037
0.525460
0.529257
0.617427
0.569579
0.625502
0.596886
0.568468
0.542134
0.594359
0.516204
0.490324
0.472820
0.608662
0.690143
0.718161
0.755043
0.784929
0.759984
0.738681
0.708263
0.693174
0.684081
0.675176
0.730386
0.778786
0.706071
0.720281
0.646046
0.674151
0.813453
0.793181
0.849754
0.901342
0.964098
0.944678
0.972850
0.971520
0.918169
0.897784
0.893958
0.785398
0.763005
0.718164
0.614993
0.586076
0.536965
0.544355
0.592524
0.573227
0.562615
0.681918
0.687708
0.701236
0.675664
0.899876
0.895598
0.869940
0.837641
0.700010
0.730868
0.702140
0.679014
0.670005
0.666966
0.701960
0.676174
0.816093
0.760880
0.773597
0.770641
0.738838
0.692917
0.737603
0.787430
0.792630
0.809082
0.831344
0.798926
0.797400
0.758899
0.730058
0.772063
0.762407
0.835404
0.858100
0.879454
0.874191
0.895184
0.908484
0.731483
0.754432
0.831705
0.821260
0.806354
0.839454
0.860018
0.835723
0.847483
0.868743
0.867614
0.916995
0.768696
0.717617
0.721463
0.751070
0.777710
0.755455
0.721791
0.690748
0.636523
0.552512
0.500160
0.475596
0.509749
0.501547
0.438377
0.411345
0.382320
0.360971
0.433514
0.391760
0.400448
0.364323
0.441771
0.429470
0.412968
0.423317
0.431031
0.498177
0.559546
0.493945
0.510308
0.524291
0.545594
0.508995
0.463787
0.442041
0.512117
0.538715
0.539491
0.493985
0.491837
0.468291
0.538269
0.510305
0.507996
0.586839
0.574169
0.608436
0.639548
0.597944
0.579241
0.537112
0.552359
0.527448
0.526269
0.597950
0.620553
0.636183
0.658500
0.681370
0.708759
0.741932
0.749101
0.806761
0.792224
0.766806
0.773792
0.728628
0.684685
0.664660
0.708948
0.690099
0.741440
0.723248
0.696348
0.664974
0.647262
0.662990
0.692026
0.688799
0.708945
0.734654
0.760061
0.766011
0.812145
0.844983
0.871697
0.917420
0.945795
0.999252
1.029971
1.062664
1.076341
1.039129
1.056249
1.027335
1.021599
0.969274
0.942448
0.919604
0.869475
0.883676
0.883701
0.908582
0.889655
0.867017
0.876264
0.840787
0.814556
0.786912
0.786749
0.839679
0.824543
0.860599
0.903632
0.946396
0.944129
0.951489
0.974668
1.031746
1.043083
1.042547
1.018079
1.005722
1.005091
1.000530
0.977735
0.993619
0.923558
1.057934
1.114805
1.167297
1.207535
1.259893
1.230133
1.206785
1.293001
1.290563
1.290157
1.293570
1.305674
1.282825
1.263637
1.230793
1.230961
1.197653
1.198527
1.168606
1.147329
1.074262
1.088538
1.086075
1.104638
1.128011
1.149879
1.153391
1.203678
1.202429
1.257033
1.271846
1.107104
1.130335
1.171374
1.162482
1.162330
1.108055
1.144701
1.179365
1.237220
1.250382
1.122322
1.175035
1.076689
1.061201
0.958063
0.930216
0.970203
0.916798
1.264841
1.201522
1.209503
1.159651
1.057545
1.048374
1.019097
1.003833
0.953773
0.925017
0.922892
0.897868
1.095028
1.181532
1.199690
1.207859
1.254641
1.238981
1.260025
1.287432
1.262683
1.236768
1.231794
1.167188
1.263712
1.190158
1.168406
1.134133
1.126504
1.109253
1.107523
1.087279
1.129524
1.136975
1.169743
1.141882
1.109684
1.111174
1.112007
1.096907
1.093994
1.077595
1.051056
1.047296
1.043035
1.021966
1.047955
1.028464
1.137347
1.193657
1.154241
1.134065
1.156369
1.104409
1.162926
1.223077
1.245866
1.234235
1.077687
1.063097
1.030633
1.119896
1.028699
1.080541
1.001212
0.960182
0.993737
0.979981
0.929251
0.960384
0.993911
1.023312
0.985880
0.611305
0.533131
0.519830
0.514222
0.492776
0.464495
0.443555
0.424828
0.398051
0.365752
0.332477
0.306041
0.471314
0.437923
0.406238
0.382184
0.400439
0.453253
0.426771
0.501436
0.499531
0.496867
0.431428
0.435468
0.404248
0.331654
0.430149
0.365277
0.520546
0.512161
0.516637
0.539356
0.531201
0.490563
0.468047
0.434029
0.378592
0.385572
0.416939
0.439901
0.485399
0.479664
0.345423
0.550782
0.560581
0.551711
0.529410
0.523970
0.543292
0.538199
0.671114
0.504918
0.273869
0.246762
0.223762
0.244655
0.306074
0.272923
0.226800
0.198726
0.219938
0.206030
0.262914
0.229070
0.218526
0.277027
0.305571
0.236562
0.256997
0.248919
0.214023
0.208768
0.194712
0.226557
0.255717
0.263478
0.254268
0.241076
0.185137
0.275125
0.194255
0.168902
0.145976
0.127561
0.092537
0.060506
0.096002
0.080160
0.063582
0.114036
0.088825
0.123741
0.124515
0.099666
0.149419
0.170800
0.185057
0.174891
0.135999
0.099807
0.048399
0.032085
0.065623
0.080531
0.155940
0.193954
0.158153
0.121966
0.128330
0.162126
0.190073
0.151120
0.143968
0.287920
0.258541
0.218016
0.186788
0.107483
0.123504
0.068210
0.065708
0.085320
0.093058
0.096770
0.116838
0.139013
0.239294
0.194871
0.247669
0.219540
0.168437
0.165067
0.153907
0.225282
0.271979
0.343374
0.380579
0.400318
0.377476
0.383902
0.389759
0.374796
0.378797
0.388674
0.417482
0.450891
0.488103
0.517517
0.511548
0.576038
0.589268
0.640931
0.658747
0.688143
0.729274
0.806137
0.776792
0.815705
0.826142
0.838522
0.859394
0.852242
0.891694
0.885759
0.850285
0.831659
0.761078
0.735440
0.740000
0.717113
0.679819
0.684947
0.934578
0.940298
0.938623
0.962662
1.000001
1.040453
1.035995
0.986112
1.004935
1.032546
1.038654
0.959955
0.972339
0.956186
0.928879
0.971232
0.937520
1.013052
1.048113
0.788848
0.762021
0.741800
0.799823
0.732336
0.722085
0.698263
0.678776
0.640628
0.745831
0.743637
0.742150
0.709529
0.709433
0.654471
0.620660
0.596904
0.567865
0.544589
0.524770
0.549875
0.655240
0.645319
0.637111
0.661371
0.668984
0.682847
0.660432
0.699135
0.685040
0.573450
0.567764
0.538058
0.573868
0.553179
0.607377
0.633891
0.670035
0.612444
0.593434
0.563758
0.613859
0.630864
0.592889
0.598332
1.119144
1.119699
1.079244
1.032082
1.003273
1.139035
1.388866
1.391426
1.388170
1.383939
1.436853
1.378226
1.402048
1.377801
1.361258
1.350794
1.309138
1.277117
1.257849
1.227917
1.204039
1.227214
1.198426
1.260729
1.193514
1.170966
1.165451
1.111207
1.137115
1.362903
1.363335
1.333530
1.357544
1.328493
1.299421
1.232231
1.217500
1.199556
1.224888
1.245906
1.238934
1.224182
1.322378
1.384616
1.384088
1.355544
1.368082
1.307186
1.192441
1.381327
1.362236
1.337288
1.310838
1.282458
1.272798
1.228980
1.210503
1.176115
1.177969
1.204059
1.295338
1.327649
1.275242
1.238758
1.299441
1.320896
1.345031
1.196479
1.081342
1.059819
1.023718
0.955990
0.895165
0.951919
1.028153
1.017603
0.754209
0.774888
0.790910
0.761133
0.733268
0.951956
0.986001
0.984290
0.959280
0.931931
0.902598
0.937724
0.926436
0.893301
0.873221
0.850317
0.821089
0.902350
0.873235
0.845653
0.828880
0.814619
0.772871
0.796301
0.852097
0.822773
0.791459
0.763934
0.744201
0.706726
0.679781
0.685872
0.689581
0.694295
0.686428
0.662127
0.638310
0.642604
0.661835
0.697347
0.684985
0.675535
0.742086
0.738360
0.713994
0.712883
0.810702
0.729631
0.761445
0.745707
0.703073
0.718595
0.677388
0.650834
0.794658
0.847432
0.876862
0.839607
0.910177
1.022450
0.992292
0.975185
0.960383
1.053759
1.069548
1.115430
1.038141
1.036857
1.059576
1.068476
1.092194
1.150110
1.181776
1.173230
1.083494
1.088490
1.214192
1.190403
1.227127
1.105433
1.037213
0.995021
0.977295
1.036435
1.012295
1.046699
1.081802
1.402203
1.370784
1.434638
0.885460
0.865179
0.839658
0.930852
0.793192
1.792001
1.744768
1.781011
1.752456
1.679143
1.657143
1.660009
1.683232
1.693763
1.665842
1.643008
1.603797
1.630540
1.585424
1.568263
1.546822
1.515867
1.491742
1.449769
1.435972
1.435687
1.462940
1.458556
1.504168
1.506412
1.531446
1.574773
1.619884
1.662756
1.718581
1.707653
1.734964
1.754763
1.773246
1.797208
1.803137
1.789878
1.816630
1.810853
1.806298
1.445103
1.493050
1.517464
1.531194
1.518782
1.537672
1.529476
1.512456
1.573168
1.488531
1.483935
1.490898
1.501314
1.500021
1.469781
1.808756
1.778756
1.773764
1.751648
1.726370
1.697665
1.673499
1.650292
1.622733
1.557427
1.532693
1.544056
1.514848
1.505729
1.491900
1.457133
1.474925
1.762763
1.777401
1.782144
1.740729
1.718147
1.741830
1.720431
1.726925
1.748036
1.705476
1.664380
1.689959
1.692276
1.716972
1.726752
0.934444
0.945065
0.899651
0.962884
1.088152
1.106551
1.115079
1.148853
1.115597
1.788743
1.776421
1.752123
1.743087
1.705993
1.688377
1.730277
1.706990
1.681087
1.661812
1.641778
1.707243
1.737939
1.765465
1.729224
1.703841
1.794703
1.023204
1.138339
1.756054
1.747884
1.706567
0.936010
0.930434
0.951185
0.921070
0.970869
0.968802
0.993617
0.979089
1.012518
1.009732
1.041937
0.992772
1.068885
1.066667
1.113468
1.082916
1.137293
0.998514
1.046735
1.064129
1.019862
0.896448
0.896043
0.920946
0.909464
0.895348
0.878763
0.952280
0.975596
1.000124
1.000309
1.034111
1.035735
1.047186
1.074193
1.025759
1.006499
1.011376
1.517866
1.495113
1.475670
1.487844
1.717838
1.618658
1.640861
1.679577
1.688902
1.014737
1.052123
0.958636
0.942738
0.972878
0.972695
1.135508
1.163820
1.133354
0.829296
0.779036
1.162469
1.472744
1.450920
0.811123
0.789062
0.854641
1.104177
1.070055
1.360508
1.287809
1.311821
1.767775
1.719460
0.946485
0.903934
0.926384
0.894183
0.907690
0.848670
0.792471
0.752558
0.908736
0.885167
0.851315
0.879391
0.840189
0.810097
0.836223
0.825943
1.019793
0.878161
0.861279
0.821234
0.813421
0.779580
0.739032
0.756660
0.742608
0.691515
0.716810
0.679779
0.698454
0.711018
0.674801
0.708399
0.698029
0.817982
0.793688
0.762064
0.729087
0.774866
0.794796
1.125278
1.723387
1.698119
1.660607
1.653218
1.647771
1.617059
0.844330
0.821476
0.832430
0.851891
0.805053
0.769716
0.875820
0.927522
0.924856
0.949554
0.879920
0.863766
0.904922
0.919371
1.026419
1.003978
0.982637
0.949023
0.998404
0.956196
0.978503
0.896921
0.895170
0.912817
0.928102
0.955423
1.020023
1.038222
1.032172
1.093176
1.262083
1.261759
1.317669
1.341631
1.365925
1.384338
1.395207
1.376720
1.382159
1.336929
1.310775
1.269814
1.249875
1.282961
1.322374
1.341533
1.387100
1.352050
1.307800
1.276777
1.237239
1.298912
1.296725
1.321835
0.804002
0.754139
0.700446
1.473852
0.573890
0.569604
0.593918
0.610720
0.940000
0.986652
0.996232
0.981174
0.974057
0.978543
1.003733
1.011354
1.006240
1.047672
1.005857
1.297153
1.287245
1.311082
1.410302
1.433299
1.431299
1.406424
1.411385
1.467502
1.481827
1.487565
1.483533
1.490770
1.465133
1.449006
1.451826
1.486092
1.503453
1.431985
1.478194
1.537756
1.501006
1.521115
1.517066
1.455408
1.476792
1.505803
1.433619
1.438666
1.461797
1.455373
1.443596
1.464019
1.380787
1.360188
1.394388
1.404981
1.374950
1.362633
1.344992
1.318715
1.341632
1.342460
0.609408
0.574310
0.625423
0.635214
1.074560
1.102833
1.121232
1.074471
1.141038
1.198390
1.187639
1.202008
1.241437
1.221220
1.279790
1.167969
0.715204
0.714415
0.945716
1.629276
1.628086
1.600813
1.556028
1.657438
1.597349
1.615715
1.562187
1.606398
0.793282
0.767040
0.935199
1.016488
1.051517
1.088704
1.106970
1.125620
1.064899
1.131845
1.116550
0.532997
0.507486
0.501258
0.517105
0.548148
0.566570
0.522783
0.642843
0.547921
1.040812
1.078557
0.595093
0.559823
0.574797
0.622923
1.303523
1.336703
0.895128
0.926729
1.568657
1.452451
1.401526
1.391332
1.383682
1.268717
1.239905
1.220665
1.254796
1.204145
1.272970
1.311044
1.319979
1.347647
1.377958
1.370320
1.410169
1.426250
1.406129
1.487935
1.458414
1.433309
1.379429
1.353519
1.326116
1.342756
1.333396
1.342874
1.334638
1.344325
1.316814
1.300822
1.276139
1.234118
1.225301
1.203764
1.186558
1.199209
1.158307
1.174630
1.152770
1.162239
1.147753
1.199130
1.273946
1.287284
1.326005
1.356780
1.375785
1.406291
1.451013
1.475939
1.190838
1.197400
1.214904
1.214536
1.230917
1.253643
1.231036
1.185719
1.224629
1.254074
1.223938
1.435878
1.516577
1.536512
1.565529
1.570915
1.537285
1.563480
1.529679
1.575388
1.581607
1.598532
1.598066
1.553610
1.613613
1.653004
1.667828
1.641305
1.632177
1.610565
1.635458
1.627005
1.651345
1.659332
1.625511
1.613491
1.594231
1.589948
1.552737
1.534104
1.673780
1.622405
1.637854
1.600017
1.584535
1.645812
1.194775
1.177914
1.124788
1.114522
1.080136
1.084002
1.096153
1.080042
1.094680
1.073099
1.022520
0.994485
1.012736
1.040968
1.063474
1.098722
1.122148
1.116364
1.078461
1.057079
1.048292
1.011285
0.959754
0.915268
0.852173
0.821544
0.830670
0.807590
0.816866
0.871254
0.935120
0.936348
0.952951
0.932543
0.908699
0.936818
0.894918
0.864455
0.861953
0.842573
0.833227
0.871644
0.898090
0.935735
0.969246
1.030169
1.055438
1.077113
1.054849
0.968690
0.938275
0.933039
0.883814
0.875323
0.849426
1.034386
1.014075
0.982739
0.875606
0.995064
1.018055
0.986835
1.051666
0.854082
0.899729
0.932168
0.958706
0.968437
0.988320
1.026450
1.013880
0.997869
0.967715
0.782478
1.038116
1.228922
1.173346
1.152725
1.129030
1.111578
1.086873
1.123900
1.098498
1.094504
1.128014
1.157695
1.149472
1.242685
1.266078
1.235851
1.274421
1.244956
1.310248
1.323648
1.353264
1.377866
1.408749
1.387040
1.403591
1.433001
1.272694
1.284432
1.315870
1.281096
1.312992
1.326520
1.373539
1.403697
1.396403
1.377897
1.294166
1.320761
1.300344
1.295624
1.375099
1.333516
1.310752
1.339531
1.352290
1.356831
1.382799
1.302112
1.422778
1.367301
1.338422
1.262130
1.240824
1.271719
1.378359
1.387688
1.431008
1.450642
1.409871
1.421753
1.474430
1.425453
1.395579
1.410536
1.322173
1.293557
1.323027
1.401810
1.398651
1.377715
1.371093
1.345577
1.358417
1.380594
1.395391
1.354896
1.340053
1.341520
1.306566
1.234071
1.362228
1.345201
1.367817
1.358205
1.386860
1.362981
1.358025
1.401591
1.378820
1.591266
0.628990
0.606911
0.576728
0.675285
0.743569
0.875955
1.139887
1.586329
0.662619
0.511427
0.658205
0.663015
0.644567
0.626779
1.233989
1.256882
1.287454
1.270235
1.263699
1.289815
1.324921
1.168078
1.686501
0.668268
0.786086
0.643576
0.627211
0.637465
1.595820
1.556627
1.580930
1.563790
1.529653
1.590989
1.323249
1.355712
0.550358
0.523066
0.526999
1.378327
1.350651
1.356972
1.357048
1.330702
1.253115
1.290538
0.666900
0.642458
0.727748
0.645888
0.652318
0.620100
0.641443
0.717217
0.715290
0.752162
0.728666
1.682631
0.466129
0.786711
0.809481
0.838723
0.879961
0.869464
0.823064
0.883465
0.832976
0.777928
0.808279
0.837335
0.793799
0.779068
0.777933
0.806843
0.757549
0.744071
0.751908
0.818932
0.816306
0.839715
0.860589
0.864099
0.842237
0.483375
0.474242
0.443412
0.414285
0.362648
0.345186
0.324517
0.391682
0.326640
0.324494
0.386184
0.352138
0.385203
0.349338
0.435017
0.453996
0.695965
0.726484
0.752414
1.504513
1.480453
1.459020
0.601458
0.606490
0.629222
0.952820
0.916917
0.926906
0.925189
0.947054
0.950552
0.545791
0.994810
1.041630
1.006625
1.560034
1.554809
0.809059
0.451872
0.977770
1.235090
1.262038
1.301848
1.325670
0.620193
0.596896
0.569810
0.639961
0.613457
0.585682
0.564571
0.561796
0.540456
0.551820
0.548681
0.588302
0.613959
0.515683
0.504606
0.524750
0.510137
0.662624
0.610764
0.582048
1.272403
1.129202
1.103864
1.172446
1.146709
0.720373
0.669023
1.310078
1.285250
1.593783
0.986979
0.632461
1.215596
1.250506
1.252726
1.289418
1.280174
1.230713
1.183924
1.238726
1.251295
1.210546
1.224609
1.250463
1.259376
1.229887
1.156173
1.141924
1.108884
1.151782
1.177193
1.171533
1.204491
1.222364
1.219447
1.207562
1.168485
1.170669
1.137556
1.199859
1.345255
0.552953
0.581986
1.249791
1.262269
1.349253
1.416394
0.586467
0.559897
0.542576
0.536214
0.523099
0.566618
0.552534
0.952890
0.645956
0.633941
0.633101
0.671418
0.656558
0.678082
0.655262
0.661218
0.647973
0.534436
0.535129
0.581268
0.560534
0.923317
1.117151
1.112040
1.207186
1.285839
1.290694
0.832434
0.822727
0.651028
0.671351
0.940877
1.397853
1.372488
1.373464
1.347320
1.353283
1.339993
1.466088
1.489271
1.449013
1.507469
1.508691
1.550330
0.448530
0.415354
0.416750
0.402849
0.398947
0.442613
0.372674
0.364094
0.375018
0.340470
0.334582
0.299306
0.379015
0.394159
0.444756
0.392028
0.382795
0.333160
0.350397
0.362772
0.475667
0.478267
0.430324
0.453253
0.433953
0.443897
0.428702
0.455566
0.474503
1.306443
1.078729
1.174629
1.160871
1.126652
1.102558
1.150392
1.124505
1.173278
1.180040
1.180243
1.165977
1.143583
1.108575
1.147731
1.409758
0.800729
1.420610
1.403359
1.373496
0.614505
0.608880
0.580835
0.627392
0.590738
0.573647
0.576455
1.152884
1.533446
1.514356
1.481211
1.508538
1.463099
1.450537
1.396946
1.413719
1.448153
1.475347
1.422767
1.444447
1.474739
1.480632
1.505687
0.819512
1.160379
1.362207
1.376588
1.126223
1.151510
1.165356
1.255197
1.283352
1.264761
1.245304
1.254711
1.257354
1.391556
1.260511
1.245606
1.223518
1.180858
1.276789
1.139210
1.337790
1.326644
1.353562
1.355757
1.295156
1.305678
1.294405
1.295743
1.481363
1.094534
1.167504
1.170835
1.150541
1.129526
1.118287
1.209246
1.200986
1.347799
0.609563
0.573989
0.635233
0.669269
1.472939
1.494557
1.548095
0.389714
0.423106
0.438596
0.440313
0.414930
0.911290
0.881244
0.860208
0.878662
1.116135
1.473453
1.422197
0.988675
1.021199
1.008206
1.096072
1.208208
1.177709
1.171864
1.127246
1.132423
1.123434
1.148484
1.100361
1.097456
1.097742
1.074585
1.092318
1.068803
1.062959
1.137878
1.139634
1.042704
1.063923
1.051103
1.074025
1.117149
1.098963
1.094106
1.074107
1.124606
1.136053
1.097953
1.199755
1.225425
1.214090
1.176405
1.193825
1.304724
0.366079
0.331061
0.408547
0.417291
0.449749
0.380038
0.356075
0.335935
0.407535
0.391260
0.368214
0.424692
0.620934
0.641233
0.435000
0.403277
0.411564
0.377582
0.355047
1.167963
1.147922
0.361558
0.327721
0.499781
1.039980
1.079051
1.081671
1.071513
1.052277
1.439547
1.472578
1.439818
1.414549
1.412610
1.419980
1.435880
1.409272
1.442765
1.452661
1.405174
1.405761
1.427240
0.959673
1.349103
1.377070
1.406205
1.379650
1.385677
0.371472
0.400158
0.381438
0.329826
0.356223
0.334311
0.369391
0.474408
0.456833
0.467528
0.473008
0.499386
0.527833
0.557806
0.559293
0.538075
0.561712
0.515346
0.495409
0.466599
0.454888
0.409422
0.385732
0.375283
0.408995
0.487022
0.476009
0.507922
0.496177
0.449324
0.421038
0.446203
0.420987
0.413386
0.435875
0.447194
0.398622
0.457458
0.468529
0.506920
0.422316
0.390330
0.354889
0.404025
0.400494
0.401066
0.395825
0.376069
0.745772
1.340574
1.380173
1.398158
1.427224
1.421012
1.399504
1.331118
0.370901
0.928815
0.901617
0.925310
0.888067
0.967130
0.997609
0.908603
0.957177
0.882290
0.841286
0.824187
1.196915
1.426615
1.396282
1.444413
0.483246
0.666015
0.697698
0.687241
0.731149
1.143959
1.181484
1.070721
1.097989
1.118405
1.084130
1.040419
1.010070
0.995095
1.017797
1.043590
1.051710
1.060949
1.051384
1.083879
1.079842
1.069597
1.036406
1.114263
1.159821
1.126763
1.111955
1.122989
1.097484
1.065238
1.052004
1.019404
1.090048
1.224008
1.204451
1.178373
1.157003
1.172352
1.193193
1.179782
1.152642
1.154149
0.704784
0.688478
0.596615
0.603646
0.625179
0.632531
0.680952
0.869636
0.501606
0.523052
0.522866
0.554574
0.601326
0.580715
0.588051
0.554115
0.512123
0.542961
0.551296
1.136595
1.144287
1.105691
1.104166
1.139076
1.112465
1.125176
0.325490
0.277299
0.290087
1.191531
0.292046
0.218497
0.131744
0.111962
0.086884
0.274704
0.246843
0.241583
0.185283
0.266247
0.269951
0.279513
0.278225
0.203583
0.193794
0.160025
0.128994
0.150109
0.126030
0.094806
0.064457
0.221376
0.231294
0.227302
0.236116
0.164206
0.269566
0.278233
0.287460
0.255741
0.234708
0.261377
0.267037
0.241565
1.197444
1.275509
1.248871
1.262661
1.230424
0.435798
1.178787
1.235668
1.239073
1.370188
0.499651
0.495153
0.566377
0.550395
0.582169
0.548258
0.527596
0.508138
0.329329
0.298888
0.331016
1.234230
1.143884
1.144643
1.125313
1.104548
1.087244
1.068064
1.112769
1.098045
1.073347
1.069236
1.044974
1.053369
0.995941
1.012486
1.040362
1.047380
1.076278
1.020454
1.016501
1.209594
1.348372
1.281740
0.792772
0.848385
0.794830
0.766597
1.303736
1.264617
1.242858
1.190624
1.171946
1.148959
1.166064
1.142269
1.122903
1.188504
1.221780
1.165732
1.095981
1.074211
0.994973
0.973952
0.928889
0.924055
0.952032
0.979411
0.948045
0.957412
1.010448
0.733901
1.168701
1.132963
1.103417
1.110717
1.119674
1.144758
1.219083
0.275471
1.467226
1.445446
1.481155
1.254228
1.310478
1.292330
1.322420
1.302888
1.309975
1.304252
1.295202
1.263454
1.237892
1.286173
1.308281
1.272071
1.260513
1.246257
0.339630
0.360746
0.382539
0.403869
0.434867
0.441963
0.421180
1.344627
1.352741
1.350571
1.327731
1.299377
1.324084
1.321646
1.290977
1.289158
1.289021
1.287924
1.246654
1.261581
1.213993
1.436317
1.259907
1.264000
0.265557
1.233564
1.207036
1.195688
1.218072
1.222852
1.248802
1.233494
1.203537
1.215913
1.172286
1.187413
1.206734
1.161712
1.183344
1.263237
1.238425
1.221049
0.886337
0.226580
0.281969
0.286007
1.391190
1.417802
0.204390
0.166052
0.187452
1.393835
1.315328
1.335302
1.242533
1.102277
0.176121
0.102826
0.143391
0.107540
0.115422
1.194933
1.171973
1.117359
1.116912
1.084324
1.056961
1.050163
1.022750
0.992732
1.123324
1.083163
0.974491
1.071761
1.102527
1.369044
1.334988
1.324605
1.299799
1.378278
1.377098
1.241625
1.243617
1.219511
1.369904
1.348233
0.885125
0.943123
0.953229
1.326455
0.943706
1.264057
1.239957
1.266175
1.248195
1.270837
0.393688
0.414276
0.422954
0.396324
0.369504
0.313558
0.284572
0.260449
0.261357
0.233774
0.199822
0.141050
0.250361
0.264860
0.296079
0.285363
0.310325
0.290395
0.266569
0.163850
0.126918
0.131968
0.160772
0.185702
0.183860
0.216220
0.200520
0.351039
0.367784
0.343732
0.328361
0.378032
0.305586
0.285220
0.243342
0.228495
0.519646
0.556342
0.612564
0.581948
0.583595
0.586713
0.982821
1.008884
1.180048
1.148490
1.115089
1.107064
1.069446
1.088033
1.157238
1.185553
1.190006
1.092822
1.056440
1.122093
1.063907
1.180175
1.158557
1.181021
1.159399
1.212724
1.243452
1.171711
1.089076
0.304727
0.083708
0.108102
0.069846
1.063776
1.046511
1.309738
0.986312
0.973068
0.949630
0.981176
1.387044
0.354465
1.319033
1.144007
1.112894
1.355665
1.375992
1.376229
1.400215
1.351939
1.321071
1.321550
1.283592
1.167135
1.051353
1.021934
1.007261
1.063364
1.072182
1.078439
1.078895
1.096660
1.029994
0.998638
0.948859
0.961191
0.942840
0.914738
0.866050
0.840576
0.790218
0.810380
0.813688
0.871686
0.905486
0.925114
0.909061
0.939418
0.944847
0.938566
0.969537
0.908056
0.838053
0.971968
1.349549
1.304910
1.305393
1.274492
1.314561
1.263268
1.255755
1.246779
1.272488
1.242434
1.228720
1.217053
1.182063
1.184045
1.163748
1.176638
1.186205
1.191891
1.104210
1.069055
1.109782
1.129298
1.159343
1.142252
1.161663
1.162446
1.117738
1.141470
1.093744
1.104465
1.082960
1.051065
1.092267
1.135503
1.142174
1.153921
1.169586
1.299599
1.280574
1.281020
1.327882
1.344496
1.347549
1.313487
1.324859
1.299633
1.280525
1.257170
1.225306
1.193602
1.201393
1.225316
1.347665
1.175621
1.142393
1.142045
1.124488
1.097306
1.135432
1.204801
1.182559
1.174163
1.173860
1.202883
1.240972
1.213277
1.185879
1.146471
1.152551
1.137445
1.125672
1.082449
0.801234
1.313017
0.053068
1.305636
1.339709
1.347233
1.270398
0.670150
0.926825
0.902902
0.537225
0.508409
0.035121
0.056270
0.077986
0.312745
0.236928
0.212001
0.239795
0.207424
0.256313
0.229327
0.245902
0.278949
0.261250
0.291684
0.353811
0.354198
0.389160
0.396386
0.416994
0.444441
0.475619
0.444725
0.501154
0.458769
0.482874
0.495283
0.546878
0.535253
0.547654
0.549320
0.615288
0.621496
0.575884
0.597686
0.492394
0.461373
0.402673
0.406437
0.397270
0.415975
0.418860
0.510956
0.479325
0.462074
0.288535
0.265339
0.297201
0.286434
0.319110
0.287981
0.236259
0.327269
0.365178
0.394986
0.304264
0.442776
1.085830
0.729068
0.993641
0.973322
0.947276
0.949535
0.838473
0.902121
0.899043
0.965548
1.004825
0.714634
0.090596
0.107671
0.121530
0.648561
1.321402
1.325748
1.330144
1.145778
1.087223
1.313337
1.275508
1.271244
1.232414
1.231478
1.210129
1.203258
1.221238
1.195403
1.198629
1.119171
1.059846
1.045050
0.153682
0.136495
0.110372
0.067904
1.280211
1.290997
1.265996
1.249489
0.891872
1.151635
0.357637
0.331293
0.365385
0.329390
0.904965
1.270170
1.299359
0.932174
0.900485
0.886817
0.789003
1.145660
1.098840
1.134818
1.026332
1.004680
0.988238
1.020556
1.049198
1.040182
0.032378
1.126711
1.238327
1.146651
1.143760
1.182253
0.028025
0.046583
0.000000
0.601250
0.609964
0.631903
0.320637
0.314369
0.389971
0.333679
0.364610
0.365779
0.330934
0.363083
0.335979
0.301139
0.298778
0.330699
0.343140
0.353431
0.308441
0.317549
0.367788
0.351325
0.349064
0.322509
0.301051
0.320225
0.295482
0.339132
0.401268
0.430724
0.429708
0.328061
0.335203
0.301540
0.299372
1.045605
1.007972
1.214211
1.224235
0.967469
0.376845
0.406462
0.392978
0.436486
0.452605
1.144579
1.193892
0.994084
1.049406
1.075661
1.099641
0.917935
0.866622
1.011946
0.985842
0.955657
0.341529
0.504581
1.175008
1.137429
1.137346
1.181921
1.164315
1.200750
1.192593
1.221460
1.175250
0.899957
0.421759
0.548405
0.530828
1.157656
0.625874
1.020380
1.005980
0.989134
0.964587
0.942262
0.962701
0.917939
0.871189
0.865635
0.837151
0.833193
0.837088
0.855690
0.883362
0.818673
0.790045
0.798685
0.760860
0.789712
0.995559
0.947367
0.991175
0.978851
0.916978
1.244775
0.335172
0.888044
0.858009
1.115748
1.088346
1.061368
1.086616
1.051128
1.018213
1.113771
0.922179
0.061544
0.085082
0.848958
0.837536
0.816093
0.823625
0.848797
0.861180
0.823888
0.792208
0.907572
1.158881
1.157006
1.191671
1.185027
1.172399
1.226354
1.206508
1.201330
1.156184
1.166196
1.139929
1.187133
1.092538
1.097481
1.127136
1.129071
1.055026
1.100200
1.079064
1.130404
1.115839
1.219864
1.150309
1.128682
0.034291
0.100999
0.505658
0.477902
0.499235
0.463148
0.430447
0.465641
0.858514
0.256993
0.826903
0.803975
0.784220
0.777017
0.829189
0.927244
0.353895
0.371860
0.363880
0.896560
0.905441
0.890984
0.942194
0.951061
0.871678
0.922251
1.044365
1.056261
1.020125
1.010081
0.972775
0.946085
0.916323
0.932141
0.955104
0.985311
1.034205
0.833679
0.962256
0.916517
0.905753
0.921284
0.948775
0.975223
0.967398
0.994625
1.000163
0.885285
0.958279
0.934318
0.985516
1.006513
1.012289
1.105061
0.187428
0.228821
0.208285
0.225978
0.193124
0.655044
0.640904
0.659961
0.613790
0.594586
0.575955
0.562434
0.661693
0.628280
0.806475
1.065507
0.800116
0.796607
0.779943
0.817938
0.838451
0.847866
0.865209
0.830068
0.811302
0.765018
0.736390
0.764996
0.750111
0.705175
0.685123
0.698127
0.705393
0.670088
0.715185
0.804755
0.506629
0.371979
0.442237
0.523227
0.535369
0.475655
0.499159
0.521886
0.560806
0.588216
0.456021
0.518341
0.550456
0.570358
0.557629
0.583654
1.099407
0.407902
0.385944
0.416081
0.430443
0.519876
0.655920
0.613816
0.485606
0.487584
0.543970
0.592775
0.601931
0.615354
0.566868
1.072659
1.038125
1.012635
0.998115
0.979689
0.936181
0.961243
0.989619
1.018743
1.098802
1.077607
1.021972
1.028583
1.017806
1.050804
1.060218
0.980149
0.431509
0.422854
0.446901
0.479793
0.473810
0.505633
0.503164
0.475865
0.516218
0.525984
0.544453
0.482527
0.458932
0.452530
0.460382
0.486392
0.514452
0.480738
0.491856
0.512544
0.459011
0.433096
0.468477
0.389224
0.402091
0.450414
0.443861
0.454358
0.446066
0.419809
0.403637
0.422615
0.471750
0.515684
0.467123
0.981981
1.048746
0.606456
1.069679
1.072272
1.056691
1.106812
1.067963
1.105651
1.113124
1.090258
1.069458
1.039917
1.008363
0.921461
0.956830
1.221268
1.113586
1.126234
1.094301
0.726942
0.731272
0.700312
0.729781
0.770762
0.984566
0.365011
0.922029
0.453039
0.424712
0.515212
0.507546
0.497445
0.530819
0.529249
0.936900
0.899069
0.872694
0.895106
0.431663
0.448684
0.555547
0.581831
0.542187
0.598777
0.585620
0.626597
0.684865
0.660384
0.703903
0.929611
0.909261
0.964036
0.121423
0.119258
0.155545
0.181274
0.226756
0.236145
0.280399
0.164124
0.197274
0.746793
0.384236
0.666392
0.639664
0.614069
0.706002
0.684894
0.621220
0.579253
0.683691
0.701147
0.667727
0.655018
0.632910
0.616374
0.644427
0.588924
0.607491
0.736132
0.738245
0.840926
0.856261
0.137985
0.187662
0.164290
0.145448
0.357845
0.481077
0.473757
0.570502
0.588240
0.486919
0.546126
0.901534
0.175124
0.199472
0.228959
0.263352
0.283391
0.262138
0.290772
0.201062
0.192092
0.215365
0.214541
0.237296
0.241037
0.239627
0.173228
0.223423
0.326835
0.502215
0.502658
0.600557
0.630730
0.654032
0.719124
0.861833
0.489407
0.565377
0.595542
0.557777
0.533023
0.547595
0.575093
0.960554
1.029493
1.000363
0.662163
0.666439
0.702385
0.620085
0.550050
1.045884
0.660460
0.206369
0.960334
0.892436
0.852554
0.802571
0.769955
1.025509
0.252492
0.960450
0.969008
1.002657
1.018193
0.981101
0.162117
0.545422
0.575743
0.590436
0.606236
0.590877
0.566007
0.626118
0.668673
0.702947
0.657454
0.621642
0.942320
0.907383
0.921434
0.916636
0.929452
0.910280
0.876905
0.845164
0.822276
0.827745
0.893850
0.873798
0.942851
0.272372
0.318092
0.312742
0.273525
1.040185
0.688986
0.716812
1.041659
1.068434
1.086815
1.062817
0.644136
0.616228
0.609906
0.541493
0.531647
0.379579
0.350168
0.364101
0.602215
0.639652
0.628743
0.615137
0.731571
0.706375
0.412357
0.418287
0.426910
0.408370
0.971330
0.931655
0.897332
0.978918
0.882687
0.538141
0.854089
0.650271
0.672649
0.693690
0.722876
0.773520
0.747725
0.771948
0.769005
0.732664
0.745761
0.709523
0.682316
0.740668
0.719062
0.714120
0.701803
0.795742
0.815735
0.820894
0.850385
0.873581
0.904685
0.898303
0.840515
0.790587
0.805728
0.792120
0.771383
0.829254
0.820225
0.782834
0.852403
0.868258
0.883151
0.904520
0.654370
0.688303
1.085458
0.503669
0.755198
0.719269
0.741940
0.729937
0.755118
0.854141
0.796880
0.705030
0.747410
0.776596
0.792523
0.790146
0.759343
0.785122
0.742884
0.834961
0.854441
0.819815
0.727210
0.764995
0.236035
0.221404
0.219626
0.172307
0.113871
0.139378
0.148021
0.170754
0.303720
0.406979
