25.334116	0.003267	0.033915
25.334116	0.003267	0.034097
32.332227	0.002005	0.036556
41.701597	0.001237	0.038526
54.123785	0.000754	0.043056
70.386309	0.000466	0.045755
91.636643	0.000295	0.050647
119.195154	0.000182	0.058078
154.784726	0.000112	0.062894
200.451166	0.000066	0.072613
259.623299	0.000039	0.083799
25.334116	0.003267	0.035806	0.010000
28.533893	0.002579	0.036661	0.007743
32.332227	0.002005	0.038260	0.005995
36.668425	0.001571	0.039323	0.004642
41.701597	0.001237	0.040320	0.003594
47.451208	0.000970	0.042179	0.002783
54.123785	0.000754	0.043747	0.002154
61.727201	0.000590	0.045756	0.001668
70.386309	0.000466	0.050179	0.001292
80.322202	0.000361	0.050963	0.001000
